#Customer 1000
x	y	technician
14.443959765619653	-1.9038395296876987	0
7.856110853271758	-19.900921327793114	0
3.3986157942743267	19.93877616013367	0
12.720902961103517	-18.652951110026844	0
-6.92432461440291	11.408368408017168	0
17.739686475197036	7.967469391499398	0
2.7555299595971627	10.04035165402206	0
10.141125590295585	10.94543399720835	0
18.133864222293102	-10.92961907100193	0
9.203747879675257	-15.552098606107245	0
18.248714429575884	3.386780176638906	0
6.009980205604339	4.9740236441451335	0
-11.745405842833797	9.684059584829168	0
-1.8580492589134767	5.436455695314928	0
-4.471234716867949	-17.72119529905074	0
-12.38882212769083	5.580072853722053	0
18.960083323577738	3.707488749143315	0
-15.823602467902367	7.90028613744266	0
8.447071143390733	-13.986500628907446	0
4.982141657551256	-9.875237439677989	0
15.076484615610282	-3.983175744314158	0
-3.260143057907312	-7.106590058819338	0
3.688648714054774	-3.449979787866928	0
10.992583744665026	-13.917686631064615	0
12.592293653169273	-18.885872916645774	0
-11.951188388374225	-15.301438416267619	0
-8.455900039719136	-6.9032919078020205	0
0.6510605816641046	-12.479490424333681	0
-11.275118562891521	-15.048485405867194	0
16.564273664401583	11.384760076368226	0
3.3636775147319886	1.11619775148323	0
9.448804239374628	18.235927977141124	0
-11.336107099365282	8.876904455953113	0
-3.09999367384747	-6.837391233629324	0
-18.7435954694136	17.974219550572297	0
14.0133661759908	7.91172082361419	0
-8.079197857757796	2.691755211402427	0
13.315864123455277	5.498159213535736	0
14.588246196659554	3.5620413015455643	0
12.712288421854998	-10.315817665878146	0
1.969331604200777	18.16974899311083	0
-8.438052167281187	-18.863447557958327	0
-0.5995779486432129	10.558869295679205	0
-0.866574016695778	-0.6200805228800998	0
16.995138338602814	-0.5789372847744456	0
-6.287255151788256	13.432150429418703	0
1.3172240754005538	-17.467976699088222	0
10.804700346174915	2.8682137581533906	0
-0.6446602675844604	-5.533964429223555	0
3.941313833425153	-1.1999539822019978	0
8.799545902946559	-0.8665863637912574	0
19.02534744202258	5.844389506622538	0
-13.303093065658182	16.43008346413643	0
-12.927283251666303	-11.818996080584117	0
0.7109209283631968	-11.048552554913682	0
-16.28646961837143	8.105536991303662	0
-10.750986615900073	5.010429213860759	0
2.505484262258584	3.123867869164769	0
1.5343559680337027	19.943819645611516	0
13.411141448031024	-2.9249607740273165	0
-3.8367443854147343	10.452786084969038	0
-3.93961316468725	-15.158550983168663	0
8.28451775983028	-11.712001125936467	0
-14.057795634526666	12.183636712080066	0
-0.24285083970589927	-7.3083282479721445	0
3.9007634397098023	4.431519632210255	0
12.440604472308774	14.137260946765192	0
18.392069331357238	3.677886064399787	0
-4.213556478206577	19.739912694835475	0
-9.087333650924606	14.593150489620704	0
17.10811718981196	5.6442109341724045	0
-0.6548977890669505	12.843361670679512	0
-10.553450940185582	9.84462130848225	0
-0.640778686212693	1.4982550335366929	0
14.057997812531436	-6.105774880040009	0
15.895608841444396	-7.380147585368024	0
-16.44471939036997	13.663834337749341	0
8.606175606288492	14.170734290310794	0
9.410249484921698	-10.232001852641082	0
-10.32098533272126	16.48000824103828	0
18.810491801109222	-13.098400944638623	0
-12.665845376302617	8.545430575281934	0
-19.878776962528875	-2.1954260093202027	0
-4.682042144623395	0.023934404098873152	0
-12.390578750358522	18.654158617544695	0
3.8992058028902843	4.624612011947327	0
-7.65080785704586	-18.748211491233526	0
11.013766275488237	9.48490244678406	0
11.24610605998637	-8.320598906242353	0
15.54545267021501	-6.68032799636233	0
-19.086687912862565	7.0919783859249375	0
2.7056622864481428	3.4790391385905473	0
-17.03883556869168	-4.847191797820223	0
16.81664886344636	-0.12652824751475666	0
-7.890033074259444	-4.530688993480059	0
-19.71243360078494	-16.076086330081864	0
19.541289252225695	-6.066467459000302	0
-2.9663285744406354	10.868783658773559	0
-6.514100282824793	0.5866331721859686	0
-3.4516476804006624	-11.082236832123682	0
-15.324275721119932	9.711519406562314	0
16.671347764552607	-3.5753745606277265	0
-5.929390732742914	12.942880007224634	0
19.146674362311238	7.808698996496619	0
7.350849878061028	-6.470254490007461	0
-8.574163344660516	-1.3815828816272235	0
18.712487954089866	-2.8659172656923015	0
-9.726280472328824	5.810710006603799	0
-14.549430021134029	16.82251001636148	0
5.511562573428095	16.61972765718064	0
-11.913787925998909	18.52840012693076	0
10.152011881693195	15.110799320273527	0
8.858285999761781	-7.300120137447901	0
-6.8284797308109635	12.275668412837103	0
-12.61497906842726	6.974161866191784	0
-1.4729736146494066	-10.308695473345901	0
-11.470720461647797	-7.111014080172802	0
-2.196691586033128	9.345181225271233	0
13.871861282588398	3.93586366266645	0
15.211824959702977	6.178339855242778	0
-8.016824273901463	-2.6235849368107678	0
8.09487129651262	-19.690484387537552	0
5.425365564470206	-7.519387345987845	0
8.675795289694506	-3.7765211013952538	0
-8.958925039889362	0.4798488159533054	0
10.190017767072511	-5.788626698980188	0
-8.827959564879535	16.455812420970055	0
5.454856208290302	4.674295938233923	0
16.649250781478564	-3.108136425783421	0
9.75783686324072	16.601910168168793	0
-2.7204512545704773	3.6148406880063977	0
7.471168867449123	-9.158967886135931	0
-17.833397417092062	-17.948861132525238	0
-1.7889168816560908	11.84041981717154	0
-12.892447542146508	-18.75631534487292	0
1.2628525340728114	11.146026861497585	0
16.148557045990657	19.787661222178752	0
-19.066795835982475	-2.6550773204478872	0
6.791476396393685	-15.616893036858507	0
-18.772113284680977	14.531295482982664	0
-6.4887430807956115	-9.25481364430938	0
2.2714849719483254	-0.2288644659150263	0
-18.35462073239522	19.24215699204069	0
17.005084774525166	-3.853892331880462	0
-8.815517029516187	5.333765035551017	0
-17.57348438526702	-16.944944725449176	0
18.255211421715124	13.626742326248976	0
14.01530563961102	-15.310176817451566	0
-16.15722305531691	2.6685705102530966	0
19.879788871659567	9.28370833861429	0
2.4672932665307012	-1.6465554155869722	0
-8.097714671847069	-9.653434744580863	0
3.456542462631522	9.472537555179601	0
16.867633097677434	-8.303838133232183	0
11.890465482697735	-14.291835978831443	0
-12.007854299193209	-13.685501949438468	0
13.95294862369347	-18.17536843148136	0
-6.8607404168686426	4.605529182898018	0
12.892583442790887	17.496144088206215	0
11.519176223970922	16.16943162801846	0
-12.878506153755271	-5.4091080595374885	0
7.402188299012651	17.673460806272963	0
5.933420161190539	18.87431553413373	0
-17.030245219042598	13.695377076313378	0
5.670356238347507	-17.24262391459223	0
-19.34535931302427	-3.5948035727204752	0
-7.210115022277517	-1.1951301660903235	0
-17.09851181912422	0.7891007426822361	0
-16.574253366899597	11.051991906539019	0
-11.801646347469635	-3.756671318704403	0
-19.479604707508425	-8.956647984347805	0
-14.07905622860547	-3.086977085389657	0
-10.5064214492403	9.268089514957744	0
12.037734795685155	-16.71085819131234	0
2.037966304453791	-2.9424212889950407	0
4.604508446337672	-3.421080967533423	0
4.848789192030769	-10.018187378302743	0
4.567828956429381	-5.745564674651229	0
11.321020504141593	9.156487048545321	0
1.4999470446506313	-6.635670501242621	0
-5.246445189444655	-10.85822551211367	0
18.457181221369446	6.284794402855671	0
5.7347180646661355	0.7536072221953383	0
-14.259203434429244	-19.198089811937482	0
-10.43483791945964	-5.256874324254874	0
6.615719027214144	-11.489899939608609	0
-16.761509303878658	-1.476896891592001	0
-10.859624164107204	-7.421938836525461	0
13.844506740980101	6.132322247348765	0
-9.613120459601653	15.64287838488687	0
-9.980402522781064	13.556674222601526	0
5.916121921639146	-5.190677091233513	0
13.422984156376199	17.31496242567998	0
-8.08339568177356	4.112293670929801	0
-3.828287842464748	15.271370766376577	0
17.074051315859933	18.557050439832693	0
10.23417063949771	-8.240129180877553	0
1.2412490173211355	13.724403220770721	0
-4.371864053437187	2.8836069260481034	0
19.39930598481049	-16.1776435644367	0
-3.0081802410479375	-11.999160349639366	0
10.094529271057034	-12.115531160872749	0
-11.268842034065493	-11.15489590338132	0
0.2756211897325178	17.139243847762874	0
-15.462083296971105	-15.008572060428108	0
7.5722134962967935	13.154271334677553	0
10.878478705302118	7.943857425250953	0
15.110829991024435	-3.490128964559829	0
-2.6215742012505805	18.711301316948038	0
9.935152335596467	-9.908475366144899	0
14.169162301673905	1.1362561024909201	0
12.604462231657433	-2.134594205814344	0
12.828066193044885	-17.061341518036674	0
0.8653228209378749	-9.870865889049893	0
12.818797905964864	2.6776000983686776	0
5.7475461022532315	-8.728197657175944	0
-18.168078075941718	-12.293084449497709	0
-8.733753251942575	-11.9900000464235	0
-19.28475344183301	-3.0112300839332518	0
-15.00579149177591	-11.83012158764559	0
12.495514010658354	-3.939324007332874	0
15.83712410827205	3.2684476766886172	0
-1.6729455241681368	-10.55228157786864	0
18.649739751169164	-13.319265885250985	0
14.759345144758083	7.038772032014626	0
7.84498128435601	19.52586450478622	0
17.82204287601901	16.006644328881446	0
-6.9451201960960285	-16.201289212773425	0
-11.092013785252078	-1.2917067486744793	0
-0.1886096212397126	15.612298333537463	0
-14.87904666720961	6.615856681348551	0
-11.340084028718685	-8.913817260351617	0
-12.489663532227588	15.95460509911264	0
17.125320043072364	19.474755385881753	0
14.849284756575202	-17.26312947705683	0
-18.476818818545105	-18.921482996044105	0
16.418947658424933	12.142874610067027	0
4.915034656809145	-15.200667170254412	0
-15.975120294815843	-12.788242351125042	0
-2.927065899607477	-10.321412992900111	0
-15.543629058162786	-14.126531095897072	0
2.0807006862814026	3.373218658088688	0
-11.818350282982376	7.14536803062507	0
12.221534440252778	2.0005379058730144	0
13.340505256939089	19.256430488354738	0
19.416485999705316	3.933166905403178	0
8.16339925390416	-12.897980963693128	0
-1.9940052411172404	-9.183824406882742	0
5.989663181481992	-12.398388050828345	0
7.9094473749585426	5.315079077341038	0
-10.506268722300094	-18.65421633314397	0
-3.832417444177465	0.2865733721684638	0
0.5579262130915508	-16.07060343177311	0
-3.183360797762478	10.5903806246341	0
-13.511963640510789	-11.467595546099467	0
18.14728485014468	-16.89898926113179	0
-9.760894902181793	16.853440167210138	0
-3.3937141390519443	-16.9118348799827	0
19.119991447065026	8.609109879197367	0
15.775816396966572	18.803174777588083	0
11.871654515965062	14.17447742515748	0
9.660519758282803	0.407915306790394	0
-11.116926805711756	13.332489202837753	0
7.959651827404208	-14.04587216012894	0
-3.1678322173738716	-19.811372379134543	0
11.133542881565543	8.525125306698387	0
-19.559744086031646	-1.164574300260659	0
-1.0591521447986985	-6.224138250650499	0
13.250520582925539	-11.040165731976908	0
-11.664769729813962	-19.334523039600736	0
-5.482384851696138	10.503933541066477	0
-6.754201228631578	1.4172273975456084	0
-15.452365450664573	5.906975292530912	0
2.7779926921552356	-4.146797807086959	0
0.12157348196482065	2.6385624392707907	0
-4.620134142281653	17.98767151583698	0
6.126892798884449	-8.81339197929857	0
8.718149721205517	5.991627134621678	0
10.173348771897516	2.9353084722116485	0
1.3005601489017193	17.545151571642602	0
-8.340632590524063	0.5504221042290647	0
-18.677987915552308	-6.047028566098982	0
-9.75088922621202	-16.937587691682836	0
12.84344765325526	-5.0878580044370825	0
-6.434051380797201	16.15922650510568	0
10.874025815096964	11.38187898319568	0
-8.381829945162526	-3.958368443778446	0
-5.604770266665335	17.179846629631164	0
-8.412356422943637	9.119829950817913	0
3.6283573229420796	15.528351777205778	0
-10.04420684538263	9.213524109168985	0
9.94674872674473	-7.154916167712506	0
-4.958678036956661	10.167152843801732	0
15.317383228380695	-19.32062791793788	0
-0.7715866736183674	-0.8884744885869011	0
-1.8291572792243604	-9.195519489508941	0
-4.571218732313356	-17.316558615666313	0
-9.739857475292627	-7.771861342777413	0
-4.205859007982258	14.06588273634894	0
-14.408001382415701	13.66842949521184	0
-2.457433885356992	17.023988820498964	0
-12.049136051233628	-18.641073753292847	0
-10.871630687920128	11.739399273542489	0
9.411172619413053	12.118271161330977	0
8.910258981383063	9.373232881562416	0
-5.891332252928305	-3.30913311759228	0
-9.422596474515071	-16.082428038334005	0
6.7755615173854	-2.0500632037275546	0
-2.5436456896654924	-11.537425395221952	0
-3.0198662497417983	13.648328153024973	0
12.392008086117796	19.864688475397067	0
3.0840654363534004	0.3056915031227625	0
17.36787658370091	-12.03725437022452	0
-5.808184754148962	12.68644340775451	0
-13.171946900684173	-12.0432061895761	0
12.533425612829188	-0.70279514299048	0
9.182525246042648	7.7857824803830455	0
8.329940162437829	7.199480396346751	0
-18.373322400935315	-17.886356036365054	0
-1.2881491370352105	6.7894960304596275	0
-17.611897507665834	-3.9832893092832666	0
-3.730824202810763	-14.067352758950506	0
10.74158459152217	-0.7243848595507041	0
19.6190160312042	16.430390657592667	0
-3.0552800585219897	-2.34357349612337	0
13.353770978758437	-6.647120251636722	0
-1.0824312228625965	1.8133813622182338	0
11.101753776872894	10.927027850851188	0
1.7209569776610634	-7.505247112027398	0
0.11064990625376137	18.969291866770767	0
-15.88642311574922	-7.3426226141006135	0
-8.299029855779064	15.563429980162894	0
7.402636618460097	-1.5982161467906941	0
-14.663430685918136	4.92048123990398	0
-3.3158182307579276	9.77685412992968	0
16.45744281740531	-18.283233713077077	0
0.04895090081796116	18.856096199549665	0
1.8205551502576478	-6.593372817056258	0
19.749131458703104	3.005534401458214	0
18.81164258114211	17.147003388216145	0
-11.642701960163052	5.749188810837529	0
-16.347670456143327	8.09777199345097	0
-11.779898698156153	1.5952378495548958	0
14.075273184073769	-2.539079899661818	0
-19.258625171396496	1.5497947030968184	0
0.4257054562109275	10.84576109785218	0
-8.67876596890266	-12.889135803811165	0
5.3212527881146565	-18.76931216479678	0
9.330074120660296	8.08435624075869	0
7.422066427454976	6.419475867328508	0
8.901160179508443	-7.759863306856096	0
7.438637294232886	7.935319851950697	0
7.4613539223247205	2.9773016635918115	0
-18.836694722212798	8.347116654550533	0
16.45353329127824	18.483601020538707	0
6.720200215715435	-13.543571221232074	0
-6.0165239369053225	-15.409107510260021	0
-4.603080830217974	-10.634619909324865	0
-7.294540872843576	-6.756141286716031	0
-18.440550786771613	-18.062189627162706	0
9.114272480566349	-14.802290763700384	0
5.8624599554041	-3.112046583922794	0
6.80497751496369	1.6197397103898048	0
8.47624507495182	-18.326670737647962	0
7.108431214272661	9.054952046856396	0
16.766338292559176	-19.474357009280215	0
15.962621330814365	4.032703218421783	0
-18.477086714492394	3.76220422445384	0
6.238843594766261	19.907046127674462	0
-10.869202186685234	-2.4394024531882907	0
14.304134709612871	13.60568896959684	0
10.711776219572196	-18.071351615392214	0
-15.035548924662576	15.254573354414962	0
9.938083406014101	4.43662294605125	0
-13.689463115471735	19.14921033260915	0
9.40722368482759	17.59600598716553	0
0.2593655991445676	4.349140330290453	0
4.9041608206495635	-15.819072640819925	0
7.823988320720132	19.689729612962065	0
11.142518236201369	-9.24659224051004	0
18.47666300705289	3.678433418250817	0
12.988359220599527	-8.716450331807613	0
-12.48725548195246	0.8406516232669325	0
6.567051511187527	12.725013783128748	0
8.757734435043991	-3.709649401103099	0
13.50348332183362	1.045470601427212	0
-11.276409085976077	6.121034066747328	0
-17.79851959970955	-18.9929746139925	0
-4.026633200103813	17.72589023225141	0
-13.651643244665973	-18.121837563653255	0
-7.774761198426328	8.922267283224476	0
18.147683274211502	1.4319520819772613	0
10.417400253384361	-9.82005956153956	0
-19.724397554243758	2.19599148462827	0
-11.41605096904868	0.7701326825858157	0
-4.982324942564702	15.865123741328727	0
-18.920054203536733	13.028990702472449	0
-12.377103231662709	-7.1959377629056265	0
11.228255779433223	10.671887620743718	0
-15.792456343238044	5.12835253441327	0
6.346098211166966	4.537311398318984	0
-6.670362169768684	17.030346974060592	0
-3.4200434291572135	15.38596675595616	0
-8.827988732195688	5.607432384602391	0
-10.012308996556904	-12.750070227482189	0
-8.525789394849298	0.4183787324617594	0
19.11769077617518	-14.906480185709334	0
13.067637572230177	-6.9605969622886255	0
10.424168634090694	-3.529839234326233	0
-3.0002537898130077	-7.680148806566445	0
3.432645184841072	16.101381453404052	0
19.663731499758725	-13.123766429871427	0
14.910680242218092	-14.41663381547999	0
0.7828206386290315	15.062721656740905	0
-11.249867990964816	-19.361526738540448	0
-4.451283819629017	-6.862078251240038	0
7.987470011674795	2.9665297220805797	0
-15.062529357323529	7.672195935761108	0
-16.194837336793167	2.1536504875459483	0
17.627394268995694	14.337976798273147	0
-19.155506822358618	-14.678030201546868	0
1.5250526495770078	-18.4428079072172	0
-16.632594013779283	-14.207606082627313	0
14.656645226577623	14.29940946913061	0
18.388510368185386	-13.69755184901091	0
5.706032326074646	2.897206470006801	0
5.197806520484263	11.873977881348319	0
12.791461130267198	-15.99918303713804	0
0.20765774253120206	-7.072389167555886	0
17.343258323308397	-8.9929823378665	0
0.03162147126398285	11.900602878608296	0
-19.280677608237312	-16.606584022846395	0
-19.77981132311166	-0.3963421399624245	0
8.926445612290902	-7.233539970958578	0
-12.523506463502523	-10.417354307030152	0
-14.975070440253893	-3.4464501195418507	0
-18.991393340824114	10.69242947730434	0
-3.5348885256956297	-4.049624950123603	0
0.01349578715985178	16.20927997119074	0
13.778464776920627	14.428468243634086	0
12.367723697001702	-16.487791501231435	0
-18.207821590439938	-18.23723082190847	0
13.629157693918788	-12.313382340545251	0
19.360757804511554	5.092563530316188	0
6.261747200487369	8.920974390575465	0
9.432311118695855	-18.38411179801127	0
-19.267769765003386	13.109270535027724	0
-9.224331478853781	-11.243658895176708	0
8.295103198354724	-12.070881627108365	0
-10.58395714338979	16.31440578618982	0
-8.06363402568056	0.45639937672953934	0
-18.81069242763406	15.41842512146221	0
-4.205925772494732	8.757384064616499	0
0.7730913603758882	13.215408812259284	0
9.444469245098794	12.285659291772637	0
16.54690545809883	8.930554075142236	0
17.57410610134165	-13.118102335831168	0
-9.807270459747969	-15.172679913457188	0
15.406035399881347	-19.66862641757306	0
-11.32264542173779	12.788945211492493	0
16.28786536216481	-10.553159120519187	0
8.500304078909874	8.369855728406566	0
0.6202085298756543	-18.39429092135979	0
17.059306457065958	7.573152123246114	0
8.771069332579131	-10.379182759204898	0
3.1095294193587897	-1.0838203565434856	0
-4.300021248315229	-8.774312902818483	0
2.0048529713371765	-3.543312123808433	0
-10.352442859630365	6.6797936878530795	0
-4.103870956661635	14.457337642836873	0
-0.09214370090689705	-3.081840808667531	0
17.83687848455422	-10.37751299261004	0
-1.3348802164014106	1.9525683203313315	0
19.84611505698155	13.650212494036062	0
8.466717507938846	7.157921334266022	0
-5.6310770695951495	7.921078663183629	0
10.840084604978468	-8.365525393004592	0
7.959744009408953	-16.379918855133234	0
-10.831522186537965	-2.466540414420808	0
7.9145044837765965	-5.2986931654105796	0
-15.457800234664472	-5.417668865625087	0
13.719895253842406	-17.36868937209441	0
-17.84479850867148	14.696623891083377	0
-11.411922101688745	12.65200137695671	0
11.97020576362672	-15.226206062617376	0
-1.0190509757280974	-13.73732519939271	0
-14.60124291466582	-8.706427845867942	0
17.55531572601776	4.460719434312006	0
-15.703687888022003	-14.014525847687578	0
-9.856726507385716	-6.797128425710119	0
10.590599535405815	-0.7284063768724636	0
-14.197653609412555	-12.794257278725215	0
-7.197252495230919	-19.898412990260827	0
-7.899807630298756	8.38084979223547	0
-0.9151024567189747	6.105959095904132	0
17.857516569486794	16.62236268136367	0
19.793449561856512	-11.166597331154717	0
4.715033707622469	19.233045219252855	0
15.562805586951551	-2.983883610652742	0
-19.855983979949997	-12.276222456465483	0
-2.52702327117599	10.240410598073213	0
-1.0172618393464106	13.859546122447108	0
13.645127241061608	-6.279203996977771	0
19.84157506258544	17.394889242251633	0
7.223009815112711	2.8623919240061957	0
-6.636518892456036	17.69854244070274	0
-3.7392094514651664	9.139007473655951	0
0.02330672646682963	-8.539055321170368	0
12.102334345754988	-11.056357060973854	0
-14.782414669929231	19.515318185139712	0
2.7681938998247846	19.71271652276736	0
-4.112717592232755	-16.131052171208804	0
19.220119995439692	16.191247903508597	0
-9.819722662619066	-2.3607656816784273	0
7.754805260848889	-6.797985554798673	0
-0.16777032828853233	3.1454140607828096	0
13.945326660601417	19.26786052937298	0
0.5339636550516769	8.20909253095817	0
0.03824966438525035	-15.621334383115162	0
19.998964964530717	-13.526594399125047	0
0.8143648390196079	-18.003619341387306	0
-2.6162309558570307	6.905370631050811	0
16.8607616736724	0.9765099833722513	0
-16.741833800576362	10.252214139907272	0
0.8868253549836247	12.56337045034877	0
-5.018753526224078	-18.321382438344777	0
2.644938337408873	-1.4999274931066564	0
13.734186132888428	-11.526491720063824	0
9.692467756430979	-8.191462182828673	0
-2.4877344989958416	9.273840136516007	0
15.880602888258482	-11.804236661951442	0
2.436552520157984	-14.477178093809094	0
18.646920864026946	3.767414165862566	0
-13.072371012672495	10.878400268914952	0
15.607770989310609	-11.056395787526277	0
-0.44489273140741137	15.445214631949039	0
5.046510621094553	19.958980032481083	0
-2.1576626131138044	-14.263527288178004	0
6.9405076765677975	4.542462393420168	0
18.141793947315982	16.215833354465232	0
-14.399864690513366	18.92481931815191	0
10.00500534775703	-9.34081559303285	0
17.255488403469425	10.425415604493725	0
-8.43012044931696	-15.123728083937076	0
-1.1873647682896271	-14.05434055951238	0
5.992768787403633	-8.956199684509789	0
-19.318541659839088	9.136035076714224	0
0.2762855727533031	-5.957221761816003	0
16.95047541571305	-0.257862463973062	0
6.1789678620586574	-7.222834679483698	0
-17.713416793620475	-1.8852045360404057	0
-16.80651447883053	6.37860436213578	0
-17.03788199036151	-18.883318134290242	0
17.75142254102096	1.9405824361361024	0
-17.672395032319663	18.774511090035375	0
-16.0730862879079	-14.938068952429408	0
-16.71578612211981	3.421841623662236	0
13.34968949998224	9.724556522783342	0
-0.5127990068502442	16.80742898125684	0
4.803454823405775	13.476756616771436	0
-11.083019578774657	11.783852205851225	0
-16.564390632596865	9.477741893237535	0
10.651965873679936	-15.460654843445635	0
12.66886544795116	17.74533686752904	0
-0.8044275756017916	16.652532676398536	0
-10.883959977778051	7.042050815788259	0
-16.77475255991454	9.709200909630882	0
-18.739649986784034	-5.305865271416317	0
-12.171865918905652	-0.8557055691782667	0
-9.951768974448543	-0.09750445511012007	0
-5.627850794368312	-3.495777507105622	0
7.125945023843254	-12.829782232438497	0
3.5971067786279898	-14.04491274721428	0
-12.877951384106616	13.714344935954221	0
-11.796690358698259	-8.852331472805911	0
6.54146813797337	8.38657447603866	0
10.713348890324944	-7.720844029561658	0
-10.76098741744936	9.317610231406599	0
-14.42696231689541	3.214990250193548	0
-3.6235228306584855	-12.965121557562021	0
7.185605989027493	8.696957820774823	0
15.126451164215172	-12.883197714329917	0
11.60217331916725	-2.3585199493162534	0
14.1118434891834	5.447688241597142	0
3.870008310840989	16.741242365346135	0
7.7870820619958625	12.421424873084273	0
17.1192271416986	1.4838915509034134	0
-1.4434593096099713	-4.900937767492817	0
-16.330540160615822	-0.08290280821783291	0
18.80287112838947	4.762154894964414	0
-9.522787752392365	16.656920133750578	0
18.01633367900934	8.4963487633545	0
5.311603817389918	9.788189946621998	0
16.67687898871137	7.630786501128841	0
2.5852887939994096	12.35328307885128	0
12.28514545846323	4.582673619138498	0
17.08778746053435	-13.70734901811447	0
-2.694104246139948	8.103178149337449	0
15.499066434239609	7.204858217801959	0
-17.85345386684962	7.762455511022428	0
8.177440538801202	15.671254781005434	0
1.1766718023281797	17.373172333103447	0
3.8163502024390272	-1.9295435858393528	0
17.4785548125616	14.851131594033289	0
-3.6867678895192757	-17.265931251246354	0
13.914118359569084	19.12927508414937	0
-19.72114680834377	-4.46460596124397	0
-8.818664333508103	10.394669117970704	0
-11.545502882855342	10.46770988631855	0
12.266649107747307	14.20891110848245	0
4.379456967698365	1.1907786217488958	0
1.917105811832296	6.251034154577271	0
-0.6606499294953361	-1.309132494459404	0
-13.168509729415137	6.975402781565099	0
-1.6481821674162678	-17.46005957356929	0
-1.1621011755765798	14.901454401804468	0
-13.664062480400382	-4.036982644776925	0
8.08174786716712	9.184851199904589	0
0.7906620106035245	-19.865061908627922	0
-16.985278658083427	3.78063213458542	0
-14.434052419750817	-15.97914768751945	0
17.743616848860796	9.305061934650581	0
-19.66067027844931	7.097367263214935	0
0.895078323502676	6.66913024853196	0
11.982831677939272	2.4721465853786517	0
-10.601230104416777	14.30222416527982	0
0.2421608132511821	-10.10441269508458	0
1.2378512769485894	-2.570939896885265	0
2.471260198777756	-14.565404005527274	0
14.433734629346407	9.963516906661937	0
12.088328112510682	-2.205779227796527	0
-1.1404708580126588	-3.1672806883121707	0
-8.17944145530879	16.6539789362427	0
7.418465326653916	16.166723694414074	0
11.466008927070458	-11.884073262583893	0
14.998240259405877	-11.206124313994788	0
13.483277449992217	-18.467253101116604	0
-7.594613329396815	-13.769034329211456	0
11.87442596571941	-2.2828707202308696	0
-12.971399795289283	7.980226273452513	0
0.547695920556972	-15.485641684055294	0
-10.482486865263777	6.128716196094439	0
-17.242644526863153	15.902046578326372	0
17.031900439478203	-9.041078337636721	0
12.259842886614965	-17.48624848672231	0
4.554082221191962	-0.06458908181970369	0
-4.824473302016705	19.59681480948246	0
-15.412525572513855	0.9018123879784801	0
-4.6395549228671085	-4.3557666002308215	0
18.28593072021153	-14.330206153739162	0
10.969706741055486	-19.247485140561857	0
13.340382548337683	-4.0755496928679635	0
2.4547682097521806	-1.811072071754003	0
-13.08145778333329	-0.1871267384790709	0
-2.6869761804350567	14.420429775077878	0
-18.75079811665954	-1.9656455951308027	0
10.753786033144301	8.751161872747995	0
-0.18205553859512502	4.996034078939711	0
-6.581599351268936	3.799668931615323	0
10.470288175244033	-17.712252411171022	0
1.217649534043601	-8.528186152681148	0
13.54783654465756	2.8768023929504594	0
-16.591675708979032	6.457848808705968	0
-13.776593780247527	12.937685450676737	0
0.004241337235018072	13.679232663586657	0
9.022780076536577	-14.345771581819747	0
-4.475529851936821	-17.763010113646608	0
-14.697568876062647	11.136012178519232	0
-9.911329374237873	5.198803015530498	0
-16.208339004080948	-0.4006145479442669	0
-11.625417975847125	-0.7220986870415391	0
-15.912073886505457	13.042102529569481	0
8.297457416469477	1.7772108686518662	0
-18.3297932452107	-6.516151594708841	0
14.042655494494763	16.76052642910486	0
-17.04970911753872	14.380048389150515	0
-4.930783785229327	-2.555023859235832	0
-15.161512497795325	-8.458029018923497	0
10.348643452817115	-19.966274297148594	0
5.452675927150894	0.10035178025457725	0
-13.539013264724616	-11.04826849113337	0
-2.694265334459751	13.940307153530958	0
18.62336614686813	12.309637061175813	0
-1.5030870967510257	-15.7375277875808	0
9.226424742633391	9.287988404159773	0
-10.771357140105536	-1.3530476418538662	0
-19.095321813512648	15.810330656919511	0
-14.429270133659088	10.290291215392365	0
8.267445960661334	-17.399618251102098	0
-10.113572509121504	3.1429264838908866	0
1.8248432479904197	16.91227707764859	0
-2.439986407711854	9.432610452212785	0
-19.454793758145676	-9.790274527649899	0
-12.079867716049883	-11.903601353203367	0
-2.554236827612155	7.836676537034188	0
5.532668957238256	-4.148719191301082	0
-17.97275375456096	-12.361122512975161	0
11.003066322196675	2.894243700275716	0
-0.016844450026769486	8.329031085265042	0
1.3140888911805026	-18.41364968497154	0
-13.412936455398583	-6.237258604799383	0
-13.537723320196049	-12.179064507416491	0
17.586169622811646	-10.454510993034685	0
-5.891054983387458	7.1609335614201175	0
-8.733665197949225	-17.26227358807	0
16.082983334322293	-8.924720796961783	0
-17.946677862654493	1.6709890836555497	0
-6.6465708223831	-9.00565569317813	0
19.930234047443584	-7.850674985844042	0
-12.136855238299024	-15.495731479517595	0
8.835367930802903	15.066830441481706	0
-5.386324677289562	11.738545374617955	0
-0.24521603329685338	6.994075807370459	0
12.768523850950896	-3.3065962591937437	0
18.093027439416964	-5.3755011770416905	0
-17.90528747033607	7.917708874612321	0
-5.020730736391061	-11.323199416730896	0
-7.517748871356549	-5.016673167794661	0
-11.071865045339063	-4.757210932850211	0
-14.586334228082842	-17.642663085034698	0
8.960263567945518	-5.453009983328645	0
3.296266549537852	-7.319993737980504	0
9.66274379520307	6.544680717548972	0
-14.00894545436258	7.461029391423488	0
-2.813924002758892	-8.436023831168118	0
-0.5598960431894806	-3.095675215529652	0
-8.59094854661683	4.5669075845879314	0
-3.7810325804007805	-14.906606590715965	0
17.321968787451535	-9.715770566401343	0
-5.13605919793509	2.0619889966322313	0
-6.117916320245644	18.086638270783325	0
-9.900981951241224	6.196667759198591	0
-6.205468200441593	9.929218579184017	0
16.48619565599992	-17.06542487011226	0
-14.213662083204683	-12.873087215811658	0
-6.69885870581842	-5.742197928695503	0
18.448785070622876	-15.024714939971705	0
-12.77797615869336	-5.7135271877215255	0
3.0652294724968243	-17.42035549943221	0
-19.328380715153152	-14.270014163339138	0
-18.286829646244364	12.594229701687354	0
12.538499206727835	-18.54006596006399	0
-5.376692605387956	17.309677398069233	0
5.583308777637392	-12.803318098082027	0
9.070335738503346	11.744755281399431	0
-3.417818867333331	-16.670892923814186	0
-4.979751604675431	5.771664714265361	0
8.703413683825998	14.834257064299159	0
-12.33986511747657	19.41060889873848	0
5.977503457902831	7.15516657262754	0
18.162391719744576	4.155598674655621	0
-11.495252070476587	-1.303189547000998	0
-1.016416611435278	11.285815547434872	0
3.4715703447218127	-6.293785772368752	0
15.761728839554765	11.891598151054218	0
-9.96255924106411	18.566370497996708	0
-2.98787956936887	11.409731345943106	0
1.4789057607371792	-14.83857574930827	0
-7.6292396032409515	-11.302210249077023	0
-19.946056502934987	0.8033590351044317	0
0.13538940445463332	-9.597456106635924	0
-0.7296180921096518	19.58319173431182	0
-6.941485670029484	-3.7716802728616594	0
8.948245367260332	-3.55674903245907	0
3.3969614931998082	5.382521196694743	0
-14.273780218206555	15.829673732434802	0
-17.510471830581086	-18.29593774080174	0
18.00210097493554	-5.073504064963283	0
9.15427036106263	0.11190962897512424	0
-10.192083633173148	11.33366922731966	0
-13.289728133467747	-2.1438247034398916	0
-12.917473625759438	8.280452294214511	0
-15.346498246384366	7.338844953078292	0
-10.48474286019264	9.305658411597989	0
-14.772289265267693	-19.37451577369767	0
16.508450235386167	-15.718207668053331	0
-3.6603218855772113	-13.651784020836569	0
19.352341617005486	8.255435809112125	0
11.145015881364703	13.52699038812366	0
-19.979661291696395	-0.806661844856027	0
13.959127139113683	7.7516667053865085	0
17.11083763617975	-19.405175018899484	0
14.579933581819748	12.573190623230888	0
6.581028364543489	11.542594001246872	0
10.321675072832516	-10.840009277425242	0
9.310272720485543	-5.814278255719878	0
-2.696291825747439	16.798478438514888	0
-12.771451954905242	16.62809111071228	0
-6.04857374577227	-18.45156290070873	0
12.575034354823892	2.855694524867407	0
13.152479522021586	-18.18684382648628	0
-11.599027212446096	-9.691553683430772	0
19.88079078027024	2.9783686655243136	0
18.66044954346269	-18.007745211538463	0
-6.328602014240077	-6.890357916784016	0
-17.352932339599857	-4.554651046905032	0
2.245632740666985	13.605413324483525	0
7.075188977164206	5.307006904531373	0
-7.727763957927687	-16.813138870753015	0
-16.85391479046271	5.234491373165162	0
-16.73572196567918	17.93890177119264	0
5.363327337519879	-1.122335766296474	0
1.9769438450902843	-7.129343321615456	0
-9.977596252300529	-2.9492862739186654	0
0.2671078767437107	15.461671583558791	0
4.809658603170108	19.334278934387306	0
-4.139234129205409	15.435055635964478	0
7.285590560559552	10.051778359064464	0
8.815034634294436	-4.131561712155727	0
-9.789708381596128	16.016483911364546	0
2.354316205444027	-13.373351095910664	0
3.8679061435736717	5.1334767076657695	0
17.64327455655668	-1.2013036081202255	0
7.768379278914863	18.745257744989836	0
-1.2808035011185925	-15.663816965688614	0
-9.990372516685536	-0.1467856078037011	0
-3.473939812407436	-15.892916175011727	0
-11.503984956989996	19.40843107669394	0
5.429899265320048	14.547538921764955	0
-15.452494762622706	-1.1054870686063012	0
-17.411413418091524	-14.414753238447009	0
3.2000864890792124	-3.8588157002375922	0
-18.37467870416446	-1.993297888979897	0
-1.0211819299412106	7.719666653471813	0
-4.0136147433379366	-18.584109161957663	0
-10.30357194065707	-0.0687568603741262	0
-17.772467158703158	1.8576715605867333	0
2.6107668301412223	11.668712757176817	0
-16.929754508926322	-11.62735799897626	0
13.132305043379016	0.3922241790171821	0
9.623826347441199	12.043599467688342	0
18.38625610908761	-13.009451325401606	0
-12.68289325180179	-17.146192885476843	0
15.255955621180464	-0.3637634575774662	0
-6.258423909951971	-2.622650445327337	0
12.187358828086001	-2.8348365174708423	0
4.383940115572735	-10.926167202832463	0
-6.824386864039007	-17.469026171961893	0
13.852943219589676	-8.541263020571272	0
-7.517071952838963	13.930263534744377	0
14.666019559973442	-14.003170875673888	0
-16.62456842305233	5.293678699024378	0
-12.036767211512895	-3.656146709327799	0
-14.579524312362441	15.2541636081807	0
-12.570966744024158	-8.36739089629685	0
15.422392936990224	-1.6733685251733421	0
-7.02842281477583	4.931688108063352	0
11.357303349787768	-7.557487834198957	0
15.319011254655948	-6.981996550346268	0
11.864112688723605	5.1883944919658775	0
-13.024105314249477	2.525030300233131	0
11.223439322336453	-9.141387146684883	0
0.03820542556723705	0.2676705889493469	0
14.147255404116251	-2.4143707574500484	0
-17.13817518741038	-6.00487449360124	0
-14.295615769373327	3.9484515730590974	0
-17.576022373026	-8.236575637150633	0
12.22504242076862	13.8444739633495	0
-10.316161689439669	-13.67529871808841	0
-14.013277787488914	13.757455077490519	0
17.793388795215566	-1.7380681876631954	0
-5.70075330957915	13.87095176044669	0
6.171388828196118	12.334910889771699	0
-7.550656428402904	9.98642240996212	0
2.641236297985352	10.999244066347842	0
-8.82958717483563	-10.024888549948251	0
-9.070523167050766	15.52513391583227	0
0.3540514769664682	13.234048940730055	0
8.133720008847947	9.87225029763541	0
-8.76241604071554	-0.5718777136656161	0
10.94991000234475	12.326450342491846	0
-18.783560718284278	19.381590530178595	0
-8.536206116949167	8.313377798747439	0
-6.112784901767587	3.7311595657129715	0
19.124480744219667	1.7011068089414927	0
-13.583703797845095	-12.495403882606752	0
7.367767007469035	6.016977161911958	0
-1.7015666905807691	10.482857076222608	0
-0.08202423715856888	-2.619497516025242	0
14.352497590548943	-2.3392694260249414	0
-8.944514625638043	-3.5066122491374907	0
-14.228677169055551	-3.6048714046665298	0
-10.244278234687858	1.4585560705775524	0
6.061547407320473	18.576735980554165	0
8.539904775620823	-13.309823875350926	0
14.730020083184652	-0.015717667618337927	0
-16.400052866901106	-1.7152587217715043	0
5.915405523510522	6.8562932811869715	0
17.150940178743838	1.7925048602055549	0
-17.852096213083573	8.802543325698036	0
-18.931169090688456	13.379258538457023	0
10.247360524487705	12.810370732489474	0
-10.113221422634911	0.5423296501271224	0
14.966149051435465	-5.325059703844852	0
-0.21021939556652658	-15.547398815618564	0
-5.81406676877811	-4.565815085116385	0
13.60872370178507	1.906350064409783	0
-8.954749855827657	-17.825325067608354	0
2.5159688585861684	-4.9133068369316035	0
15.726542880561265	-12.414204553512956	0
16.204274698740385	18.072975608231346	0
-8.700537418297838	-3.7375463189813107	0
-4.666393619406555	3.1439256838575025	0
-1.905041398740006	-9.951776910292338	0
2.26030899179539	-1.6844961420722138	0
7.5699694401529305	-6.459040136013261	0
7.172919737934742	15.789276000636985	0
2.2091166696212206	17.650432376955635	0
-4.498926609479166	17.320063634493597	0
5.785009285051044	-8.867364003312069	0
-10.77644596420473	-18.21644577515915	0
17.553140261742662	-1.3223002652821236	0
3.8957112214337286	-12.368287126075938	0
13.870323922966922	14.827741070213207	0
0.7205882044981404	4.529996686910329	0
-18.346377259974904	7.453203457232291	0
11.9300668558996	-1.9280367564138245	0
-4.935584598710547	1.3267878063631189	0
1.1298651015478267	-16.43322863389141	0
-9.996809278347719	13.59694348229375	0
11.201912217497219	-19.617484339128474	0
-2.380086123982368	-10.11942942650676	0
6.233802408799716	-13.39604628170235	0
-19.427019740184853	-5.100604576020853	0
3.8605719933601046	7.830581200497853	0
10.708879960694567	19.122586256661933	0
1.5944817270044576	-3.7693932608630387	0
-0.31668828334182386	7.6891315239228275	0
-1.5879815719999701	12.356557631529856	0
-8.566062230731482	17.415853934464142	0
-17.565688877554983	2.5955292506740513	0
-12.832891075653151	-17.78001497957945	0
-16.883254640671076	-12.906629795216876	0
-19.940555278365903	10.754376806466448	0
18.972897504273284	-18.788133959688643	0
11.734526712806176	-14.466536041053724	0
-17.613406606543048	4.262690606484911	0
7.150709939694333	7.018610305164175	0
-3.7678782026999302	-9.377923437696651	0
-12.521695963157647	5.948730724610081	0
-8.69181505739228	6.224023556381719	0
-19.899884236895822	-13.701521689605084	0
-9.495996075466696	7.356724155507641	0
-11.265591242261713	-2.90418651761168	0
-9.652903338369647	-2.1485688683024096	0
-0.0700664797945949	10.904380729283702	0
8.70715469725912	-17.634786876422858	0
-11.248340052120792	-0.31261342243763757	0
17.388371441695792	14.105909440061044	0
-2.2294492607693117	2.080644068929489	0
13.40736385178249	-11.2820415472302	0
-3.0696745816125937	-16.936300320250673	0
15.562959079428156	0.08041499610929037	0
19.613840045170356	0.19462890836945412	0
-8.686351527628888	-16.254391210965615	0
17.506819538645942	-15.781874858761874	0
-3.578888174342425	4.424133246562398	0
-6.501834415290948	-18.07820881964366	0
-10.423441407662395	-10.100832689374947	0
6.242841575743574	11.002272311468527	0
-6.4390810860312	5.134925183883867	0
-8.602282785202107	-2.5442799316726017	0
2.447775858256067	-9.752575107238384	0
6.150051623949793	3.4970916815389597	0
4.6262816430139075	4.96413659338522	0
-8.879128786278581	18.47689988194417	0
-4.464177866121495	4.811736819998309	0
-2.9776619358187517	9.221593815314563	0
5.99119699016061	15.709467186303186	0
3.532978077717681	0.5112934772681754	0
7.706204572473032	16.55057561840472	0
7.305579699620686	-4.604319784075783	0
-10.810313398077923	-8.584979173807078	0
-4.728093593930889	-11.838838857164177	0
-12.500656543964531	-6.174052338915645	0
5.947882196341121	3.74964727887257	0
12.002456421172836	14.5465197237698	0
4.108367015146115	-2.2197989750739833	0
-11.143848529476532	19.48802578622694	0
-18.437465553711135	-5.135526816020031	0
-19.775474357897668	-12.363646695302286	0
1.4818996500516146	17.309491244557623	0
-12.096411944744636	-1.7933482286199354	0
-17.408631778728207	-7.631389794938399	0
8.886470605023376	-9.741436202409446	0
11.434821686800962	8.747924066519879	0
1.9006902859828356	4.198587862055083	0
-0.5926559081857663	-1.9822222569065406	0
13.816091639311278	17.290884990731254	0
15.464891674852325	-14.653659864486084	0
0.43791405241037307	15.319835979447078	0
-5.407804283092639	-2.7743772274389267	0
-12.107132100232683	11.934920221191977	0
-16.707886724521256	10.782133181198553	0
6.727555489427184	17.947108131723823	0
17.166161721851452	6.168875706458503	0
11.097785624870653	-14.901395813315528	0
-18.299188208951254	-4.505876700416995	0
-6.92627492041392	-15.032934409269068	0
-19.904292179884248	3.689972896654603	0
