#Customer 1000
x	y	technician
14.813240219882694	12.377003270550379	0
19.294286866115762	-0.7375012841367834	0
-11.468921163946764	4.119349194694171	0
3.7490550883115548	-5.508365738423171	0
-15.033063321203102	5.780915865646343	0
18.235630390714043	-9.524751885963996	0
-12.667298393344915	-16.83652919938284	0
19.62085712370311	1.724729768003499	0
-12.949371206300576	7.340506813706962	0
11.032447399305072	-14.493138005577038	0
16.1808734837373	-3.790598873738449	0
-13.016069758193215	-1.5258072859169358	0
-7.873039936985977	10.294460853216233	0
17.14958047738193	7.286300432818709	0
17.5036454371785	-15.975918604937846	0
16.250081147820033	1.2908813538721153	0
5.934545516240406	7.748383501137246	0
14.549405858821611	10.70518761209318	0
17.968166656226305	-13.628696335512508	0
6.696572153916618	6.379792389853236	0
-12.366137094662694	-6.34826466365789	0
-13.643913448382508	-2.909936465451377	0
16.222699309241722	-4.11087014316363	0
-11.82661664858891	1.8920744541078882	0
-8.769193977021201	-0.7336411846019253	0
-0.35749795251370564	1.291276833252537	0
5.409582356105176	11.371416801491643	0
-19.22395261851324	-4.176751293302563	0
17.911609259164972	-12.067488188966568	0
-2.092075328811318	14.081841037642583	0
-17.14446967852951	5.157489901067556	0
-10.655676582755262	-8.012136180418143	0
4.072635947575778	3.6417050793532413	0
-19.207338433002846	15.283220483277521	0
-0.5661430264314937	-18.75510990086038	0
-8.52897774128428	11.393168778057149	0
-11.098930994162313	7.427185655175967	0
-1.904155063544959	15.412037322416463	0
0.466456905757906	-4.428868484805215	0
-9.395686418751147	-9.078212661419794	0
8.766694524785219	8.873730836166924	0
5.412410532383003	18.098465253834107	0
-14.703910316136227	-13.967026794372233	0
10.210089111845736	17.159205534613662	0
-3.4065701028290896	10.359489108875657	0
4.943667279428463	-18.51430751347452	0
18.330770644205	-18.457922265011128	0
0.42835829764951594	-1.6095935828792296	0
-13.007556438461098	-4.168920716709783	0
1.356824275957722	19.66060498014543	0
17.095029356039397	1.8168494502336863	0
-5.7092734592892125	-4.181283435073224	0
-17.29653678628052	-3.1831820394419275	0
-2.326766818055006	14.315005246139494	0
1.769689515451387	3.1072318315774883	0
-4.836426664050415	-3.989426623380412	0
1.469211448796175	11.448318359619849	0
-16.582921417020838	-3.531045761055691	0
-15.706976824736426	-16.206334441513736	0
17.66765508876523	-19.62241996354329	0
16.115107742052576	-8.580020749495398	0
-12.088125130245523	10.739132192250587	0
-1.579687742270779	-13.654423430909235	0
-18.681469815815454	7.827137694604076	0
-10.824403422577982	-2.0334530149403207	0
17.39877621051583	-6.065536734461157	0
0.4563020037512544	-9.218255568759325	0
19.071602947985138	15.07641331180729	0
4.9982180011005894	9.299668694754345	0
12.245654451946383	4.3538931850962515	0
-17.59456795788031	-19.1424145937675	0
-16.95994058666543	-16.43878434789471	0
-14.355578235044586	-14.769231389571168	0
-18.76588915200355	-4.825619646356585	0
6.766293596954043	-19.36249726840114	0
-12.367436058117143	-8.790306137191024	0
2.314270347403946	6.9030815844386195	0
-19.498053182359545	12.364058732388322	0
-12.28799893428163	9.17555425596424	0
11.19488637416378	-9.371186943210699	0
-19.85051718496349	18.945285862595274	0
13.84106013322258	12.571912053214135	0
6.762563458411068	1.2573165811710973	0
9.563918880254377	-1.1429660551626863	0
-8.718469856473359	5.406062541251653	0
-7.222874220010089	12.502382919914368	0
-4.96334533597945	5.021001116525614	0
1.696105896667679	-3.649093045327625	0
1.1329321321383423	18.56237515173462	0
8.61869939964405	-17.39809484865289	0
-5.662468140684709	9.998533050297436	0
-6.388598422856093	15.494465031053345	0
-7.187968378138652	19.32598875120894	0
15.261011177499011	-16.84044849865466	0
1.0492382559442515	14.978399030332262	0
8.62725561661664	-3.7354480433093906	0
11.514313613988985	4.425808106310671	0
0.16371308899342463	-12.974438899366149	0
-4.6693701233652	10.461440531860259	0
-3.142336161325745	-6.77813920411372	0
-11.621797185269124	15.479939106916166	0
12.521448714626953	19.558499445774842	0
0.4470136124088553	-13.585511008297622	0
-10.887972223240357	19.985418446637837	0
-18.566556994438468	-3.650075842516234	0
5.551057101133465	-19.446454652342638	0
-13.88769563697438	-16.428751876716735	0
-14.96615462998201	-12.946901461054722	0
-15.612012378611059	12.231389197396446	0
-9.629902645320385	0.16820986060571474	0
18.085470131815285	-10.82747202789822	0
-11.396583555425007	8.849947755057013	0
13.90120317931029	14.84812464655112	0
-12.133058519839132	12.38428908419662	0
-19.395870858154026	10.161236013521746	0
-17.521485563839118	-17.225939425763315	0
-14.36563442443759	19.796617092432687	0
8.402500871108245	14.805527258336726	0
7.835479827985896	-8.018921360215554	0
9.543197682565419	9.551956720323215	0
-4.701845966090339	-12.322219801698754	0
-5.588703903511707	-10.379474463352558	0
6.746115868009044	-9.978900165337539	0
-9.267932376788153	19.238687039580707	0
17.20674570895587	3.196572173703056	0
-4.518060090458831	-15.012855917049253	0
5.529334371633778	-6.55096201408941	0
4.084028944599809	-10.10880465688607	0
-16.40989192270022	-6.552589246682978	0
-3.732802948686431	13.327494337738436	0
-13.609783718265064	11.65522762102469	0
15.8609629857148	16.412952930269263	0
-10.7523958655309	18.10242370027875	0
15.554162548215977	10.68184018752837	0
8.335585281554367	-16.586919217768425	0
-10.440580402368216	5.464921638653246	0
-2.742486059511031	6.073783648174804	0
5.439108894078899	-15.172040243431347	0
-14.152877388236318	10.826296382269632	0
11.768056589481738	-6.841822430674744	0
-16.41023902397353	4.064939011966167	0
-4.8621092079528605	-17.636025802024466	0
1.0691932583059405	-8.696332485290634	0
9.803689795805255	14.718153824853424	0
9.061397737852918	8.566613125157602	0
-6.768055601527987	8.338515778734653	0
-19.035597969182238	-14.683064891124694	0
-17.403975795710785	-15.098740643275512	0
14.76504828404941	7.758912897272285	0
-10.533115084192136	19.756356985764967	0
-8.761746524226117	-6.358595412731489	0
-18.065553819130233	0.11848173589605882	0
-4.1071523234999985	8.518612870993657	0
-0.3799906016378207	9.460717028400666	0
17.966257343056952	7.64653147265816	0
15.433714583446294	12.47400021134347	0
18.014387110699168	-19.865353059691053	0
12.430144615101195	-9.85095969074409	0
15.154739447001013	-8.666425042624937	0
-1.1794493627305425	8.266153119589589	0
0.8682073495153286	-16.745606630811732	0
-15.959513637577736	-7.9115687640672006	0
-11.887959917579526	-16.641172549468454	0
-16.231142668311268	-2.5086215787966726	0
17.669406383451328	-4.946520623543389	0
17.266641106374564	4.682811417336663	0
4.937834319148626	5.0875899854228335	0
9.113122683143494	12.60929049981343	0
-0.5946281974639911	2.0083641746769176	0
-15.598610700399176	8.055700036613555	0
-7.845650002113365	7.323998558580009	0
14.144186132086446	13.792809793289642	0
19.24281365263448	8.721887699664578	0
2.479832249668097	16.578682323562653	0
-9.100625864168066	-12.080026593604284	0
-4.02922820331622	4.046271742385992	0
4.234488251355608	9.732103349100022	0
-11.129355667854943	-10.59228220720328	0
-16.2237500779092	-2.968050169072658	0
13.775065975814318	5.712025824612628	0
-9.935918114139696	10.510546804109357	0
-11.983770400914837	-17.494346241307927	0
-14.003082696388415	3.575525317301693	0
8.98136060324195	-10.854154115872614	0
-18.45918997446852	-4.751162826065198	0
17.68352427830738	3.144421489161946	0
17.37701475562579	7.078641196109063	0
19.97160604207989	-5.286614412003443	0
17.02895190298385	-13.91893172190915	0
4.28703990587326	-9.602165120117538	0
-0.19360635433252948	14.238923775795701	0
13.094910811140728	17.040278806106357	0
-6.108095646522695	-16.4472620323791	0
13.151690081974827	19.094413815723588	0
-4.616815395051552	-14.31987600838005	0
-13.91515441558175	-5.4246840603240765	0
9.658080405986812	-2.891027134901978	0
-15.705097722249395	6.494451325298769	0
-11.094886475003797	7.79648356971538	0
0.13122295037068188	-2.4151652269759927	0
1.6784893428206349	-11.475405041289623	0
-7.1427353939663	-14.45803549977024	0
5.343650319940654	-14.805585814566552	0
11.700523951096052	-10.178604997824344	0
-3.3801208003812766	-4.650821622489203	0
-12.948928455082136	-9.617467087428828	0
10.241614978979086	13.718787952568348	0
15.840047880673005	13.702043517181215	0
13.841427154877124	-12.365787854606651	0
-4.452560608763418	-13.791574398857023	0
6.970531874226515	16.359831309046776	0
3.362117729100347	0.6287219440373937	0
16.693206922332145	-10.763334618966432	0
-9.197583217657055	3.364570732406884	0
-5.986269060932332	-8.053460976294478	0
-1.229055966523811	17.33293952923409	0
12.083724763084218	5.5233304226883195	0
5.760241187919157	-10.462949430771351	0
-1.5742648904289158	10.707455068103918	0
-8.602948880621263	17.00863091200349	0
-12.85819113151451	-4.880774975664077	0
-13.337550631009645	1.1681059786056824	0
18.73207441739367	-8.601342578359565	0
-15.936381953043671	-4.574979188831949	0
16.878121596280103	13.488756050692011	0
10.122579061927546	2.995790680711603	0
17.439014559358586	-0.485563992076643	0
4.284773099068788	-17.89126821111012	0
-17.344975233292203	11.91282843855884	0
1.9423093633883681	-3.928926413922733	0
-10.290944052994973	17.874302357341364	0
-6.489121912574296	1.5528591680968828	0
-8.399282087287542	1.6801389364800556	0
1.6545885388888415	14.166292210329722	0
-8.162680048165942	8.207716268773186	0
17.43825695894931	-14.128449290043212	0
16.69212893904546	-1.9887242437922392	0
-19.51450372130973	-15.339680071101771	0
-6.225337675851779	-13.062640754083628	0
3.6663851421433202	6.737584471212119	0
-2.4002238917960383	19.888915342847433	0
-9.163088309465914	11.016415624589326	0
3.520428075097368	-15.860615666441076	0
-3.288631415024299	-2.3032842646836915	0
4.662882864362259	-2.5239987131574138	0
-2.109548040556315	3.0908682562075906	0
2.9493892419607226	-5.386991988564951	0
6.655807241360052	-10.872098755653594	0
5.8450315810226305	-0.9348250201162056	0
11.467262275448057	3.8585375165907987	0
7.076114099034578	11.553097023200515	0
12.552421768874789	19.83750849401781	0
-3.046567381080698	0.615645290242357	0
-18.295230220722267	13.068016341057312	0
-0.7375456817567994	14.809442601631307	0
16.103719129939225	0.10840014549165833	0
3.8090136546719844	-7.622379091902669	0
14.240044331581231	13.13975917778835	0
-18.433156556165706	6.133998587933571	0
9.568462517254655	1.17647845250902	0
-6.62754862373478	-10.675214082900325	0
-12.049587781028489	17.322864438705132	0
7.098338041933818	18.85262146453556	0
3.4030353814600334	-0.7558142987155936	0
3.2271199803033834	11.413461642697973	0
0.6348895164230051	6.6198835360155295	0
14.812722833054508	-19.51496519176485	0
11.291035526265851	1.1688855497213613	0
-2.0720082503982074	15.404216247300187	0
14.756987306377361	5.196826093985547	0
-0.890271742311679	-7.865710826471539	0
14.315832884041733	0.13357929292001636	0
14.802353216293756	-7.074618810327564	0
3.1333268253041258	-7.178611560224049	0
17.892981120369747	-0.1710510451915015	0
9.049074796958942	-15.98123821484634	0
15.922905720845076	-10.480857318853086	0
-15.593141691133535	0.7253904221555096	0
-10.943813730586204	-6.0931559781252576	0
-19.42680800518219	18.44454364580963	0
17.73420806681394	-8.983388411821727	0
16.578793144904953	-7.428728075844484	0
-3.875903102223024	1.3832109192556485	0
11.382465396189637	18.29584766153545	0
16.106088549678965	7.442073113638545	0
-5.614609362092637	1.6645862707533121	0
15.118088535065777	9.42805875189627	0
-16.728839384389374	-0.6125917543905501	0
-7.94475933129394	-6.809173328769762	0
-8.062063117813247	19.841786993182154	0
-19.729702450905112	12.678344677392248	0
8.246275840754995	11.34335999133716	0
-19.70303904465095	-15.988350157226368	0
6.632096566323238	-0.021466610761344818	0
3.2630139784155077	15.97573797385401	0
-1.927114059906403	10.308620435734163	0
15.070397712759732	-9.100535220131402	0
-8.761173175536584	-12.87016347388029	0
-12.46208254528593	5.852313383147596	0
17.90440527256205	2.7102459531636525	0
-3.609669242271303	7.387358433878859	0
-5.470693506149784	-16.923765927747446	0
3.329756760610616	-1.0348535888712895	0
-18.209614876026272	3.8194931321997316	0
13.691538509453117	2.2691736536132057	0
15.462676498652343	-16.849243219700657	0
-15.050803338288059	7.964607728035213	0
-8.480056721548458	18.532360765979398	0
-0.4314024816047102	-17.989981335915694	0
12.923439140159068	-19.704987918550092	0
10.625230390052636	17.709821127640467	0
-3.1206458316944685	-17.087669230326167	0
-1.3468578021651512	-0.5973687315100662	0
-3.762338607689202	8.800288333294105	0
-13.274106619062742	-6.604565000601932	0
16.08259787630206	19.08408844920452	0
-3.833586113195797	7.889925506526243	0
18.375193790359205	11.531085371835243	0
6.607860304365372	7.838329432344424	0
-13.61720951151138	-5.664415496579762	0
0.5447280010791644	15.009849747659594	0
7.678700939092398	15.54753670056478	0
16.326096004833325	-15.723409007992032	0
0.7103896588141501	-6.208610921563009	0
-1.615329968944601	7.037866073985093	0
-1.942550097287672	12.084009499849152	0
9.082164071507371	11.65493192242813	0
-0.725628170336039	-6.012844075102781	0
-4.091815949393203	18.57901643019578	0
17.98643867827153	4.722586677582203	0
-1.012005766228552	1.5384566637621955	0
-1.5607296514035651	6.71956972390686	0
-10.685499623121807	-8.771309511358494	0
-0.11875619163437712	17.59625018042426	0
15.885690377323204	7.550855745289091	0
-3.6505372549338944	-7.8904244912993216	0
9.440364479120124	-3.8654618293489174	0
13.901766756030028	-19.848552957087172	0
13.541261348268204	5.7185299323833005	0
14.456635590407668	16.912124264572768	0
-13.113994185528007	-17.361369505684465	0
-9.514555875241943	16.222460673395744	0
-18.075839140114137	-8.604806072793654	0
5.766164211799931	7.202002236998393	0
0.9944385408300427	-13.580864363032315	0
-8.877849093544983	9.571555552602074	0
4.836802932222031	-17.757259238677342	0
-11.847820231131912	-8.170410801032686	0
13.380107022855348	-19.325553526984507	0
1.4448668184570224	-2.8114089978935386	0
-2.0821821540946317	-9.529667997783884	0
-13.910491766418819	15.790546519090846	0
8.963193909780628	2.386643674426372	0
-18.584006446287166	6.960798232174508	0
-14.736772155128488	13.047726330325089	0
17.099142861961305	-11.35551069196152	0
12.25597423304492	-17.561803022601197	0
9.591308488867053	-6.219131893801149	0
7.501566462416145	-10.177961320459087	0
3.8046667834052705	-14.494951569303186	0
-6.514642347901378	-12.094366867776017	0
-1.5381555038582695	11.45706562714247	0
-8.767627442477472	-8.699273000751543	0
-9.021816546308408	-3.2368711008317064	0
8.273122770189026	12.408301805851716	0
-9.258557645146581	13.089619868558726	0
0.7875781801992021	16.75622750906332	0
4.970643314377399	-8.224028644500741	0
-8.310789894284465	19.36299508585561	0
4.248809517934764	-19.760182150543493	0
0.6080760664175422	5.0295634798213396	0
2.966948156301341	-0.5701060699026739	0
-2.950593685882179	14.562573714433068	0
-16.996065105571954	16.231684677775206	0
-9.774295862539057	7.153972772900956	0
-5.5140241938159384	-13.162009900668936	0
1.1938964322542844	9.68640736008977	0
-7.910085102844122	9.907337767399223	0
2.089443321728499	11.846479784680222	0
-16.001625560172364	10.791544825050385	0
15.884539751816401	-8.429969300503718	0
-6.797134565892375	0.660502016706519	0
8.906329157246468	8.6970610901469	0
-14.64452983288973	11.38040643070179	0
8.72112893649858	8.481300567615385	0
-13.061478098975874	-4.678011220554463	0
-11.53657796908156	17.946456935487554	0
-8.304303509932446	11.093700831928771	0
8.876084775571345	-5.341056388429974	0
-6.697519995420427	4.492562708871608	0
-13.883925848939857	10.356213291157225	0
1.077814781100317	2.133551080090692	0
-5.15134990764289	10.476950401470955	0
12.069272875918543	14.753019608415944	0
-19.586928516881454	-17.7882500262084	0
-9.223567006170082	8.996658424319527	0
15.692204849652086	2.473071320172733	0
-7.504768399042168	-8.246553840361388	0
6.170796283171813	12.620245280148016	0
5.34497979154374	19.040922444690445	0
-9.443751879754476	9.599224496914367	0
18.929287122830925	-18.915749321069427	0
11.946465166783412	-0.49229234880058037	0
0.24201189350641528	2.2394263176701523	0
11.717331538785935	-14.327114960731091	0
-7.0111171113732995	-8.725197186450453	0
8.492063812928045	8.256603177333126	0
-9.73800703027023	17.71976663632372	0
3.492823342229703	19.67021429798789	0
-13.220795777515857	1.100815969963942	0
-9.41688675678854	12.28635805744351	0
15.603170027971132	5.631666727180948	0
18.48331694196944	-8.075086702567877	0
1.8059289155805036	4.216919942383197	0
-8.407311298283089	16.740163021892425	0
-17.922770166822268	-19.309387841523318	0
0.25357212651838434	-13.266311436294123	0
6.295388074869819	13.694710341916782	0
-12.364390898152212	9.922373756147117	0
1.5587004955544437	5.18850347971473	0
-14.544959097587245	-11.955708733476659	0
18.581913094807962	-19.02868339056124	0
-17.257034380634092	6.433163099753476	0
-3.215388007074025	-19.246856315814433	0
-9.098438317157612	-7.049804821123775	0
-1.494057900097725	-16.968737532087452	0
-8.177563001283122	-2.546167056908737	0
-1.025693537306851	2.567193821692624	0
-7.784392077613065	1.208531994524451	0
-13.2954298510771	-9.247661950583108	0
16.58634301266245	8.189898429005748	0
8.822080305551978	19.654791037159494	0
18.75411883273985	16.339602165414654	0
3.516264409331993	-10.298048230193949	0
-10.800821575277183	8.019952001047583	0
4.746784074450283	1.6171079030918634	0
-15.541342821767081	19.544373315825617	0
14.196572806889613	-10.357346274360042	0
5.6886987997342375	-9.157168302277391	0
-3.946681404779575	5.558445674933656	0
-18.01125530662255	-12.96835868464668	0
3.353986380590732	-4.660711272513911	0
-18.314302188458242	-6.148537064262269	0
9.03793376495817	11.317594607794245	0
-11.371118655841128	-9.367933299356901	0
-1.109416469009874	12.293173172845977	0
5.34712040915172	-9.823306329736843	0
-10.288256047886746	-4.146239631825104	0
-10.256445150320395	-10.501289779078133	0
-6.499268543152934	17.796377331795526	0
-14.786787331923561	7.194732265881911	0
-5.740300594994827	17.792313008039976	0
-3.1258672341494886	6.422599534210307	0
15.126518989527597	-8.722524768502558	0
9.081852084815187	-10.308576312637964	0
-5.102895542349111	17.222535176238548	0
11.58012483663657	15.478942339807187	0
-1.4373556976647528	-1.2874597229622164	0
18.237900011337018	5.359162683969276	0
-4.207412968450774	-11.864812117265156	0
-10.204755214896256	2.597632866156445	0
-14.512303334820341	11.359359660910865	0
-3.2857511537453687	-17.004940385301165	0
11.095870337712203	16.2530958701346	0
-8.137549278475134	-13.120469305462406	0
-10.548647700321357	-19.18374827391328	0
2.7207791402641845	3.7882449057402834	0
-19.114570330263252	16.472268478997748	0
-5.306768105255704	14.637724487429772	0
-16.617514717596706	-12.05622393760831	0
-0.3189972250747619	12.124700018708147	0
2.924175998424845	14.377341878604568	0
-11.895877872362437	-8.676868323209352	0
-15.484027063972864	-9.774559038161641	0
-9.28817916570388	-16.533647034387783	0
-2.193629703414852	13.62294513867733	0
18.714877336165657	13.218819522310344	0
1.4450229431108497	2.8724655160752643	0
13.747266079461458	-11.33550220616157	0
10.845291387810692	17.744330232353356	0
-12.342999588809445	-3.4464290715091117	0
-5.296063059154732	16.312695192341522	0
8.176957783043019	-15.031762198124126	0
8.8400009130218	-2.5122186979699945	0
19.47477038673292	10.843256016257548	0
17.947933985049925	19.31519508504854	0
3.1050255747559063	-6.289884339006546	0
18.588705142125725	-14.85113537401213	0
-11.437135440244234	6.192283215368284	0
-18.159847122355725	16.73738711932277	0
-19.26755503695007	-5.537454854617319	0
17.57502853657142	4.430021659215071	0
8.881146530949797	14.603685733637715	0
-17.142757266156003	-12.367019017158455	0
-0.997569558761513	-12.76686629606035	0
-16.374416919342202	-18.113240520797017	0
-17.4124447232322	-14.16133881145106	0
19.302083737756423	4.9546710817115525	0
-16.81355199783024	-17.135151781242435	0
-14.96724664069828	17.765934681338855	0
8.979126373523695	-17.078887351121622	0
-5.31118141090646	3.400503686029004	0
19.34007952452399	17.217607713335994	0
10.38983698372283	7.247365387524676	0
19.60196551043311	-10.23083630040702	0
17.464545894558526	0.8821429296746341	0
-19.801477494239595	-6.716139272519657	0
6.762875161593307	-5.547672765322158	0
-11.542760543703263	-10.427365718639052	0
-1.0619162671133031	-13.864162598685517	0
-10.047446894913064	16.342978507342742	0
19.499726331400375	16.942752946678695	0
4.332443457604942	18.855045983691877	0
-13.292592792221933	2.35762794875114	0
10.882793329190674	-0.6780286130539137	0
12.749079359238076	-1.4339021559192	0
-19.13079002100352	-15.526925523426364	0
7.311015679166388	13.507704626013627	0
-18.546924991177498	11.821532410398214	0
1.805137105812813	7.172237781764146	0
10.651621104945024	15.441603135093636	0
10.49025158399811	-13.972741579253753	0
-10.21471482603423	5.352900649057104	0
16.013178489656198	-11.221687177444348	0
-15.309811620758996	-3.775980222874118	0
9.250347756436476	-13.772780250015435	0
-11.2438941079003	13.959071245104479	0
-2.446148050544301	7.907600861691728	0
17.71325145578633	-2.3412366184109645	0
-12.17050207838193	8.350527772083275	0
-7.49208859462227	-9.973324729471976	0
-1.332485270250947	12.230622853069516	0
-8.239548508416332	-17.47131223054557	0
-9.83311524422206	-14.97502361021478	0
15.180203157488554	-4.407695928396027	0
17.462078582269378	4.476912644598743	0
17.887369587343393	-7.307155930092701	0
9.146471515819865	4.0837554512669705	0
11.98598108353643	-11.327362686723808	0
10.877063989728759	10.661292425466016	0
7.073967525444105	-10.526837059823109	0
-5.786376613479338	-18.794933599480878	0
9.057579727062514	-14.044842114374099	0
-12.8580764474163	-17.448678151981976	0
1.3078056926039494	15.947905699340744	0
-8.993711718970129	-11.633888680773277	0
-16.063638404670627	1.2844125971086529	0
-17.0356793890438	-13.92881999641098	0
-7.193349376070817	-1.4076577655677758	0
-6.292735181566784	9.101559408732008	0
-14.111881559184196	-0.8747307210123534	0
-3.2929964311868254	2.30304358506753	0
8.53870727886179	-11.350616256663582	0
-14.209005320707302	8.350806917014015	0
-14.785953190045213	9.907459579318122	0
-17.10032989387999	7.323159003169257	0
8.36459662170315	0.6812338962624187	0
-10.911247583018891	-4.390232650990087	0
-8.75162888738486	15.45944464084808	0
13.683357490666012	17.109649686206183	0
-2.612040894608749	18.706603647649075	0
-19.978306805350492	17.612448927805705	0
-17.510632624036955	19.825851431643503	0
17.56784455027396	10.390660134883989	0
-4.894843096097992	7.36008298898621	0
-0.04983883363108621	-1.8993746955082447	0
-19.610275969032486	-10.1956098341468	0
-3.830354284388413	-7.4114496080891445	0
1.6792109498877394	-13.970546685028511	0
4.16454124948439	2.9741114974513616	0
4.939831178470073	14.50328370782255	0
15.139767070093875	14.706971179052175	0
6.769143594772231	-16.243622954920113	0
15.469762203427644	12.87946013762991	0
-0.9797037677064635	0.7789064702844906	0
-19.853081978204862	1.2581539665696484	0
9.70678188175727	-9.55957208966566	0
-16.28600101569004	-3.539795704228186	0
-3.4118444961773298	16.370427703196544	0
0.7985031798808029	-4.786737935449814	0
-1.9759278690389381	8.835889726253345	0
18.670138815030977	-18.052026238591612	0
19.84791772900788	-3.346723477999558	0
-14.090697175672284	10.92822109807953	0
-7.748588606750753	16.35145449922442	0
-12.23434666110971	7.772404465730975	0
-11.918774876076421	-6.522474064156887	0
15.268417146289437	5.053785436445284	0
-10.752149461119052	10.536338097260419	0
-19.941408980849836	10.851284250610927	0
8.514703946992125	16.75852147004269	0
-0.9863877048388403	8.657543088694869	0
-11.340978918482087	-0.029955762620259563	0
8.47491745355919	-17.901216373367753	0
-12.16992256176814	13.278419692768914	0
-16.017915753316228	-13.406541444345299	0
-8.496801309312838	-17.16404275717977	0
11.712661594692468	14.044059779472642	0
19.696269633770438	-5.113705192155065	0
-0.3625887229767555	-13.365220386126238	0
-3.8044942422004047	19.547735988171095	0
18.315507622915185	-18.66110208218172	0
1.4108267682675235	-17.91461490120648	0
8.442870038228856	14.605930169334599	0
18.431060191857046	-3.3820778659580952	0
-17.936090017844	-10.969524995210463	0
-4.924797196856985	-6.636746066017571	0
-10.097114380520814	3.9593662176623257	0
6.474199701435275	0.12848046995250773	0
7.630410382351527	16.370628509127478	0
-19.2436754382755	-17.44910385027666	0
11.444629634506548	-9.359587958280539	0
11.241497130742296	0.5402244023742542	0
6.483497997113661	-19.631952103659003	0
-16.691556119538813	-15.121057080855667	0
18.020138543504526	11.08483972054855	0
17.057611783013762	-12.373189245968126	0
11.417158658078073	9.724360426785115	0
-19.324633809297083	-8.82426478968188	0
7.062216967609212	-16.97747381460911	0
3.3641931956034243	-8.992906297190695	0
-4.038541914984837	1.8160943697714638	0
-18.84006915859238	14.621389777510544	0
14.80614147273191	-16.02124256281972	0
-8.556041405575403	-12.638435670327759	0
3.4133722972801817	-7.336932824324651	0
-19.800421935098672	3.97077016307132	0
2.233023493153712	-6.391030606158181	0
-8.413008730716825	10.094747830777617	0
-3.7138499628735433	4.053073938326777	0
14.888458307416737	15.205539029770879	0
-7.520579205585793	0.5788406614992736	0
-11.838383640142451	-19.541457669367105	0
-7.429389396250223	5.819904928657125	0
13.020355944806177	-5.53105389833993	0
8.972334169025483	-11.765979363209231	0
6.466201797958355	0.7120960384671804	0
18.786110810007845	0.4087940825938352	0
2.3573592686352907	8.031098163948913	0
-12.157394694817555	-6.502325886445424	0
-0.8098367938569373	11.47899427471048	0
-2.1990922903021426	-2.655703950417987	0
16.88901582523719	18.454647307484038	0
-10.984699701175407	-17.118547655933796	0
9.678935430832393	18.90956399221063	0
16.946249219427983	-16.734947884519386	0
-19.51734281662317	3.4089987030807034	0
-17.13570170872609	-3.4130192043915075	0
-6.839427157803275	-4.13164993714652	0
-0.3176498786203963	19.433424939030598	0
-16.64571548762153	-11.441553391785039	0
2.7601442998236747	17.957099109553813	0
-19.794742573772155	1.5470096780616949	0
18.56495709872812	14.591371185375523	0
-18.732385693801582	3.5462244855721092	0
-11.547870371645956	10.917733760138319	0
19.598220743242997	-13.955224980555773	0
-0.4151382228547629	11.839174306407653	0
-16.32767704282095	1.9827099846245533	0
10.377364988208226	8.334935755156518	0
6.248689099328764	-19.73348570263102	0
8.955701878268979	-4.0722542770782955	0
-10.28669522694235	-10.067211210755307	0
0.46369309606721476	-15.252304069013128	0
10.262851961754102	15.34441785830511	0
18.746256330708896	-13.425014709073363	0
-14.80918988755354	-11.388014975650345	0
-1.077469610556756	3.8652883497585133	0
9.26991041709671	14.721037988016178	0
16.13077967944145	13.904550465813061	0
-3.5928224957149846	-1.9786191909030793	0
-3.2732097678044436	18.42103649548816	0
-10.478458035574256	17.694504882936148	0
18.368093514544263	0.6764591409222032	0
-1.3102975264714711	-2.1898064546545015	0
19.543739629416766	-6.049342379631311	0
8.854926941880784	18.68662826113095	0
11.510375542107765	2.6212468737763306	0
9.428542524142362	-5.0905985043247926	0
3.8525154459691846	-3.913978330916228	0
7.249908260106457	-7.496565991494943	0
0.04122848545367486	-0.731910657434991	0
-3.664788945120079	3.3205756033104272	0
14.116486480893066	6.370906814077357	0
-1.1778359982256736	1.800475347707926	0
-9.720491388242056	-12.063554157934231	0
-2.4708408206167842	2.309020664886221	0
-18.570976168300607	-1.2393124736091554	0
-19.94317256821661	-15.042793691690605	0
5.838960868554128	8.636445891465936	0
-18.82799340136415	3.3318323712126574	0
-17.43400299918715	-10.133012761804228	0
-18.233253271675387	0.8709833104607689	0
7.697272162879103	1.4340703081123696	0
-7.240553062038808	-13.610336549889466	0
12.169166999496062	8.285948134166636	0
-2.4387151878727265	-0.6068347345880465	0
-7.226844350208768	-5.777776333192612	0
19.849412463856893	-17.516218935483924	0
2.7751870588236294	-13.03549457815786	0
1.1492689801211453	5.120686232269449	0
18.680505031406884	11.926658407934818	0
13.149996667637698	16.85009419861846	0
18.730167983756203	-12.771902241013802	0
16.76065376502467	-17.465050973359393	0
-12.759107719432802	-5.598340469993386	0
-9.811222763665167	-19.312947141731	0
-7.919031396824274	-12.298475436562128	0
-19.172438515215774	11.947858855568363	0
-16.579924652186655	14.055206510669581	0
7.354986687796132	-4.870813237155387	0
7.284759294809584	4.907736043700699	0
19.44751567756018	-3.5824614125826804	0
-6.575989421588724	-8.699018987073526	0
-17.258059280218447	-14.998717301607618	0
-9.581063936842096	-18.889728346971655	0
-19.709380736413213	-15.082721974492843	0
-18.083181698610748	-4.822240272861356	0
-12.24955863906878	-7.46001141057381	0
3.318393204810328	-8.297655626927414	0
-13.313443902513068	8.845564287862029	0
12.795669843525555	0.18563288352432483	0
-3.655096164609799	-1.108124051676569	0
4.860435106263603	4.287556725818673	0
-16.83923475553606	-11.822737533110406	0
8.00479274942587	-14.577765629193395	0
5.3430108748480665	-15.583188367842315	0
13.454366174331337	-17.36179485842503	0
-16.273203643642162	16.716773077125914	0
15.044426715847345	-0.8245240588900504	0
-18.802160638810367	-16.768262542481978	0
18.36424979474603	15.822219946001912	0
13.801844808878263	-9.448534999580925	0
9.522617751994877	-5.693359716767623	0
1.6355320477508872	3.7060887767652817	0
12.165919908216512	15.12512058815608	0
-4.127924187070855	7.725958315173962	0
11.311581000081752	-13.052989576975973	0
0.7259457410130477	19.52880846952887	0
-14.681375761873273	-13.703405129289026	0
1.0179867275847432	10.307724530481126	0
-16.798284421141837	-17.039071406849395	0
-11.25102099210502	5.917444917052439	0
-8.388767231379472	2.3575866181434746	0
5.262319674924658	7.479160153309872	0
1.0764176730809938	-1.6260245083667124	0
-18.330483330571717	-8.81567332600989	0
10.390703894247334	-10.157490251542356	0
-3.3841708559315364	-6.1817941174917435	0
1.07691349436426	4.8878472249045	0
1.5327381292419462	19.698670928658842	0
12.223694335019193	16.025511109449123	0
13.693307275712776	9.24814785632368	0
2.983693731402046	0.4286051936394486	0
5.433253045330595	5.693525384278981	0
-1.6014335389220369	-4.439674007225229	0
-11.74568069231984	12.55006163805386	0
-16.01654614466081	-5.455987838325154	0
9.28100856985726	-11.889054663040861	0
-9.165359669253125	12.62614575725638	0
-9.376747849121125	-2.4200067371150524	0
-8.848104908512306	-15.007032735359056	0
-9.105825698462006	4.4967681200812	0
19.23860141747173	7.034934498441183	0
19.50681297946324	1.7262174009087428	0
-4.835402986409791	-3.782048688035151	0
-5.350663527360671	17.97512911495624	0
8.351795189619843	2.024322330502182	0
-10.625457455892775	-6.935332291779184	0
8.780962991199988	-12.907384673370498	0
6.212411518070056	-3.7384487986701	0
7.964797694326351	-9.898131856011236	0
7.332379666599822	5.444632699151941	0
12.902226308538026	14.324987337419003	0
10.520099638390818	10.93818496439754	0
-4.9863557576895845	3.5014063063375156	0
9.964963409765218	10.54614395358637	0
-6.440643774434451	10.424527708377052	0
8.015418313133157	-16.309594392243326	0
-17.080777309669934	-14.837036133823101	0
15.968939242028632	-3.600599676235414	0
10.131906308300117	5.543059213089601	0
17.155621852137255	-6.441305402244191	0
6.603933447788171	7.7819396640813165	0
-16.249063477445258	-11.796670381802334	0
-9.710374341517012	14.291484707030806	0
0.29294839576656795	-7.739584513886837	0
-12.696400168422839	-8.700821093427432	0
-9.698308709161715	11.858556713892536	0
13.662963586438813	16.841517585871237	0
-1.199607079021514	-5.7109590826435985	0
-12.29023860018537	9.765162487264853	0
-13.581231371839412	-3.796811730490788	0
16.241741352767143	-10.893103574068395	0
-2.372420663443706	13.71078496477935	0
-12.621683530283683	-16.162123258374358	0
-5.605613863310741	-5.519009014907077	0
7.495225411764612	-14.194205381849937	0
11.879771821201984	8.089052436050332	0
-19.715519755381465	1.2269246687905255	0
-19.699285810981536	-11.784938960361625	0
3.843500676213596	11.590125801806238	0
16.600748969209427	16.122109122030878	0
16.077510275267592	9.109298542300186	0
7.05377044533309	-4.595749023051168	0
-4.811796901384762	-16.231945389240426	0
15.154933625502323	-13.55553593464558	0
-10.729666164145865	-5.930577963271371	0
-12.61494842094879	5.950089997468089	0
-5.560388904172848	7.412296886258156	0
-14.646234149698678	5.523954088997227	0
-18.20118775890655	9.917059587089403	0
-9.83393567140797	15.085384202895863	0
1.8117979666818274	12.625411182996285	0
-1.3499676488066825	-8.100379560139706	0
-8.557286112033392	-9.833510744499087	0
0.08484257185988664	-2.376782589059405	0
-19.502891835909235	-8.11356370724592	0
-2.9812250960404985	2.6898577580079985	0
11.152782979196276	-13.53460252124163	0
-8.699401159024113	18.28716013059896	0
12.932336813907623	-8.582014476964694	0
8.411890527595535	4.231865848679122	0
19.0458003704071	-10.81799963601008	0
-17.149946975166305	2.3939377072677503	0
7.102154663240126	13.020354260751485	0
-12.751160972986181	-4.286811358952662	0
-19.191521510307158	17.77794133874547	0
-6.591016883427909	1.7955893109535914	0
1.715115664689928	4.6224254444560176	0
0.36566611443912933	17.34739795828216	0
5.530766498643582	16.047555237802477	0
2.2942716913512173	15.70750033227872	0
-19.644824896463945	18.074589200878467	0
-16.217032190884197	4.3450355561318865	0
7.8241645809099225	11.516135228312475	0
2.0656505322127527	-2.9939444001033744	0
-10.340703852830133	-18.257248877921214	0
1.6928034422573335	-6.584137503377865	0
12.317745367647369	18.529229514028355	0
1.8483143580839467	-16.093568878897997	0
-9.794098826680031	-2.49912748049669	0
8.733732437081976	5.009210005445355	0
19.03355054535855	4.163153246116966	0
4.384776094092744	-18.74969046246897	0
-16.83309875138007	-15.567897342267774	0
-11.688071729574894	18.827818287661948	0
3.2562465440903354	-18.741194360235262	0
-13.911209766566222	-19.88251457900859	0
12.92288125918336	-14.075674543618666	0
-16.878951708765342	0.5535559394365341	0
-19.042162147631906	17.95459884248626	0
4.02197563530839	11.252640352333776	0
19.310414748435782	-7.697860745974685	0
-5.292150939599023	-13.497479064238785	0
1.0569260439668948	17.85359734693762	0
-13.7381039727254	-3.8783275947392015	0
-19.988566916180446	2.4310222239441215	0
12.039409676559295	-2.881369339843869	0
14.987728543974846	-17.618030618808334	0
-8.937829804141145	13.486708402889382	0
-12.830441598443624	6.18885818536608	0
14.076228629492604	-0.9067072685258237	0
15.259182358891819	-1.8047175381835556	0
1.7243270360202922	9.522287666784859	0
17.70780250263404	-13.375505825097388	0
3.7860924251076167	-5.550363369172517	0
-10.051877358807321	0.6810061864466777	0
-0.9195230885062644	-0.8854566963285082	0
-18.684588747607897	12.840068219292583	0
-16.832574277454555	-8.814490849050301	0
17.581204071627837	-13.13775035660452	0
3.3635527513725583	11.247361790590244	0
-19.163926663037593	12.12803762370994	0
-8.433883127600712	19.14854793717375	0
-15.031669712953084	-6.915936722575782	0
-4.751371699610627	18.14100238560878	0
-12.90894738942821	15.74989684013715	0
-12.467361306523102	7.9778038959416175	0
-18.35829459303912	-2.0180417483210533	0
-0.5964337715331824	15.834678482700507	0
-17.266804404143855	-2.834656321416702	0
7.862865455565551	-10.822877240999151	0
8.459109628347097	18.271319031513315	0
7.080316736912429	1.4160330721556225	0
5.785624743407274	-17.12936575904777	0
2.8228500885185737	16.08326946564132	0
-6.178919635490634	-19.961330553287226	0
-16.644193818688766	11.505879621992046	0
0.8143643181418359	-17.643680424893503	0
6.962987369720817	4.429610967039843	0
-0.8118235195477075	18.99620284563069	0
-1.0792964213081868	6.814945857065147	0
-18.534390716216492	15.865131319496708	0
-4.730641321774933	-2.8772942715445993	0
-3.307145600131194	-19.018856255632393	0
0.5022387946863605	-13.998816044799604	0
3.3114645837402668	-14.283708105212881	0
-13.360070716134441	-7.696136884054403	0
3.4841560041689146	8.522438675709289	0
-4.729521898922178	17.292732229800766	0
0.022146277993795316	19.522153787276014	0
8.447501367635528	-0.24119706214338343	0
2.0648942080820154	11.413993120892258	0
-8.311438194495548	-0.13265708738097626	0
-18.416351617206868	-15.013179975076714	0
-13.717629275522047	18.897832691874463	0
-14.75536438962967	1.4084332482931838	0
-11.5856693915396	-7.92811295960723	0
-19.675985259669687	19.014893736613665	0
7.9599821713531504	14.516090989563818	0
-6.636876384602366	13.293516488864693	0
-10.529843802285015	-1.3530269451403276	0
-11.514980161773547	-2.67821728430635	0
4.911626803590479	15.268670048453838	0
-17.305035407209417	-1.7186632960579118	0
1.3833749918589922	-1.6239009941034777	0
-1.4652972256940044	1.1232270590524918	0
5.299154924310163	-0.4552850357039073	0
15.67297227860239	13.60553809133275	0
3.4317077444467126	5.300248401278775	0
-12.887715598430201	-5.743154227008742	0
5.860973260146287	11.683840669175694	0
4.452799441448176	-18.196025321776776	0
-17.337074239035513	-5.871456802197215	0
15.010001269043336	4.673129876473778	0
9.862123298843697	19.20985226389506	0
-9.090695339043272	-3.727772678103438	0
-3.057545026296591	-6.513329328487352	0
-10.91637334460236	-10.94718444261186	0
-12.653744851490437	-10.013538253018028	0
-11.314314518731399	10.389041392426893	0
10.301326718371268	11.614669452305645	0
-11.253216276630855	3.8597255560683186	0
2.498809647321174	9.013475837936639	0
18.248771778483473	14.38286433293766	0
-15.036478493985204	-10.87388443286276	0
12.631862485835054	-10.674119465717865	0
-13.771641023862111	19.992042893532282	0
4.203111217984512	0.3895721988898604	0
-9.872240965289798	-12.282002568362863	0
17.73547131126564	-12.577953148800201	0
11.992863083601545	11.54914455036494	0
-4.637333287271184	18.00258159078806	0
-0.6457012311807686	-19.68310125982102	0
1.1719822827272042	14.935773451904577	0
18.620467542355694	1.3041260425101031	0
-11.317088715469762	-17.58370516770531	0
10.73169437728652	-14.229436241772273	0
-7.435468575588922	10.516696612465797	0
15.171758075550361	-2.5283132736151037	0
-13.739570170281068	-17.49243935346953	0
4.391697869733697	2.1537738672758033	0
13.880630832130883	-7.840914095175999	0
-14.127386508912515	6.996966390070858	0
-3.5576398935018316	-9.481117488321393	0
17.567847462784314	11.823098768535578	0
9.248047285158085	-19.224523313533965	0
1.0260412853866763	-3.4030538892524254	0
-13.703772319203352	-14.352333114998007	0
13.456533577378424	-17.902349039450097	0
3.522463285398798	-14.10202829150351	0
-18.307726104976147	8.082809671345949	0
8.32741467897916	-14.034203309702473	0
-14.904408841448994	-14.664670730392748	0
13.41494446323654	-11.151194664711483	0
-2.306814229609282	-14.131747267294582	0
-0.40394429090230055	13.819443388143613	0
5.3313896705414665	-17.132326939691215	0
16.097992753083368	-9.841007851485845	0
-6.35352611653996	9.931308153381998	0
-9.124677652207435	13.061784093123778	0
-17.947783514155297	-3.7089094485805685	0
17.709026768556413	-16.4473929398909	0
18.239157154534894	-10.451958452529308	0
-11.3989883453675	9.38361034856464	0
5.265702570870245	14.28554774098798	0
-14.440778320128938	-6.4838066722366605	0
-12.065347978415248	8.471070069794301	0
10.647054567788782	12.200695373429884	0
-7.288241428563129	-12.719666875463291	0
19.427801102678558	-18.2897772605059	0
12.747300064685753	-2.1934332240637655	0
-12.28589266287993	4.348968619706031	0
-0.8018297546748654	-19.52528122745204	0
18.64025289501321	-13.284814835998752	0
-19.721999333932803	-4.652103564266592	0
6.385501964828562	-13.9260504267796	0
11.388691033750638	-3.4216650218185185	0
6.020972377392599	7.521885553883116	0
-9.71080018348025	-6.681824504486991	0
11.563900907827968	-17.203792406968887	0
1.3236778812039995	15.38671389393889	0
-18.125950402847902	-19.78527003896778	0
9.609012053214826	19.265455836564122	0
-5.111400706366154	-18.28109204669264	0
9.152839553359243	11.90058716078119	0
-10.668696961540189	8.726524683485541	0
14.728318976631778	-15.649894311489327	0
-18.724104378279762	-15.657066296378401	0
