#Customer 1000
x	y	technician
8.548129385324303	1.0879282039614457	0
-14.81238091747465	-15.278647443070202	0
16.208772834882478	9.578382773437646	0
-3.778054248253757	13.037352755428856	0
-17.308188469156363	19.082309387754375	0
3.901143037273327	18.489678312852554	0
7.31382159667612	-8.218566738037376	0
0.8511001014729258	-5.927564439685091	0
14.155271399978137	15.561831980959857	0
-6.1685268619434375	7.840104851423675	0
-7.051098134891398	8.053833415168103	0
10.784361894376865	0.32680563416248365	0
-0.21281379586175486	17.998342234209215	0
-19.173327878059332	-6.615720617838576	0
3.035276026159237	-19.48191572164553	0
11.461416995380969	-15.266056493870256	0
5.395588323282201	16.778119290621866	0
-18.97742219046902	10.106846794120457	0
13.617622237604948	-18.270157028138843	0
-1.7507476577953218	9.446471726883242	0
19.975811964481494	-12.493116921597123	0
5.053173084038254	-11.953538106573083	0
-3.2714180907399104	-3.53001729030606	0
-16.719819527557025	-14.539755637480063	0
-5.230728656240964	5.957597240147439	0
7.3937990753150595	-17.117653465173255	0
15.990298982995942	-9.134344990992979	0
1.364446565731945	-2.88046333176466	0
7.100711512942404	-14.182197688117292	0
1.4141527304026935	-16.10065913297357	0
5.967222648742623	12.14055107210562	0
-6.960684472306067	-8.573616255264941	0
-13.33204246847751	-10.056368191502912	0
-13.93283334728634	-0.9755271932466814	0
19.47266464658575	9.965556283263934	0
-19.906607396235717	10.861607273074224	0
17.02115653173695	17.338146160900592	0
6.870860324094004	-6.485418624175732	0
-2.5443710983625945	14.059156241053262	0
2.8884343240958987	-6.731491626941151	0
12.252041911816285	11.401606618385664	0
5.254000696337364	8.652277836424439	0
11.734127472588227	-13.794647592294588	0
-10.360242744529856	4.400612026534949	0
16.006204256402942	1.0494189600551884	0
-11.157401875031287	-0.2431366918786937	0
-15.44504485754687	16.15873710053283	0
8.853077228566093	-15.861403305123343	0
5.0750468113378755	-16.047784948123205	0
17.28345167275581	-5.962778623989067	0
-6.888498938667089	-19.780795336334496	0
3.368015589418829	-18.578870211264356	0
17.106613144467705	10.182047739184089	0
9.35356019335737	9.072896593056274	0
-16.237965641504854	6.517535465469306	0
-15.05408913802806	19.575095167196373	0
-17.83747569503271	5.764849779850314	0
-5.429376953055822	2.9014524170170697	0
-13.13091637266728	11.357008651732077	0
5.304361134557247	16.94676971280144	0
14.151328973532973	-8.060291444007547	0
15.558272330515607	16.97779477921999	0
-6.992435636189249	10.039690774529873	0
19.139355797811582	-10.795635859859974	0
0.4409858406579481	7.909350948194902	0
3.723008881056824	5.624643120497064	0
18.226689139972333	15.794943032664719	0
-1.1445073017947704	-7.37138777094585	0
0.7250497135703471	-5.7990460790093	0
18.77716880395145	-0.14515080858428675	0
8.665793960769651	19.459573980510374	0
8.679023802437435	6.773468388994774	0
-16.438388899521467	-12.19755117839538	0
-5.453727284657761	0.9395560485178844	0
-3.774151360184037	-15.260438500167886	0
-12.88889479549109	-1.454442668865208	0
-12.460288750523727	-8.783690818943946	0
-16.12001549467333	3.5632348311544115	0
14.84151556532682	-1.5139477183571692	0
16.994666817553362	-0.6328501638963724	0
-6.441546000294096	18.379452894068756	0
-11.25634498736015	-8.62472795218971	0
5.4410544644437975	1.6286677785968573	0
6.504601439722242	7.540164697010923	0
-17.232416189716396	7.245196071788658	0
-10.543318880475105	15.83333227982283	0
-2.199537957364388	11.102286460170077	0
3.0877201488135997	-15.293149218884544	0
5.727853427892304	-3.2593835163924423	0
15.741637485440236	2.3331697905651927	0
-5.7020956076985385	-14.658918606376194	0
-0.6214947620026701	12.108512926499433	0
17.04717453727887	-4.14037461805119	0
-6.26131039425466	-3.4177396166061857	0
-17.23190351813296	-9.927928570286051	0
-17.988929568928302	10.296497131825753	0
-13.818446309341939	-11.1843880634971	0
-10.313576748846668	9.739658715205186	0
16.553422104273587	11.580002486190931	0
16.05797765308585	-18.650522968311357	0
3.1768606235576957	-5.12780594929827	0
-12.921076585476573	4.072513957519157	0
11.886237903522531	18.18102058157939	0
11.46787053519346	13.912488338647705	0
-4.007261655919745	13.622977502472375	0
-10.844587480322048	19.243912991632914	0
15.703575607893075	-8.798485196590766	0
-10.825793325854566	2.2930813525133287	0
13.561543812959314	-17.15895748094738	0
-14.081840748591855	-16.50939616927014	0
1.3992111953034714	-13.379430759355087	0
16.035911701803034	-17.269208972793283	0
8.21374066462539	-11.808248633010411	0
6.862919146992508	-11.857653012338979	0
7.130265408481993	0.5349543482729624	0
-17.71994252258549	-19.418310351343415	0
-7.817127955356109	8.933121218650557	0
6.710856972350725	12.275024625016497	0
-8.760252080309634	-11.480674515187147	0
11.620879988654874	-12.671833416749529	0
0.1825704630824232	-2.1402745936777867	0
-17.092409166935376	11.992287053090775	0
-0.7021559441643666	-0.11620670768635044	0
-15.522264628119139	-5.958851020926108	0
5.587029167473547	-10.307896932023555	0
-8.869498627751845	12.285592153839913	0
-12.234959188689448	-17.87042422972919	0
4.529403896058954	-14.66850038079425	0
-11.38684671453408	1.2918891346637285	0
15.402389123517647	-17.706515521097334	0
17.058105930357435	-13.80897082716331	0
-16.41600565339782	-17.035940365240336	0
-2.8544000118563906	1.8762152551978195	0
12.546374209663917	-6.917980005467803	0
-11.120901612688478	11.302954820422041	0
6.524898393352623	11.091078196740693	0
-1.845136132234959	-14.404116287081635	0
14.30325688035853	-3.3190689929359074	0
-1.1181996300756403	6.71016467073791	0
12.389888241986569	15.04884389046829	0
9.027127823705413	-2.429815002160116	0
8.61894910017337	-1.1339634498327245	0
2.7814550176245323	-4.540503550031092	0
-7.59987371963728	-16.27769850387852	0
8.151612055769926	-17.89100416856921	0
19.652250692763758	-3.027791554952741	0
-2.074358830900298	11.21175334934193	0
-15.964790701582356	-0.8385006701696263	0
14.184788104878493	4.688265194295362	0
18.425177173645725	0.552122680123186	0
-8.5923342045233	-17.707328058618966	0
-18.86308541252567	7.377198109389376	0
14.51873250923092	-1.5674710647728451	0
7.861943804593361	-6.748556885008656	0
18.562820199451547	17.092180082952467	0
14.911435337892298	-1.426671378751423	0
-16.766211874581924	17.217399197276414	0
-11.265941346595184	8.493243114484542	0
-5.034496893764602	-3.972647541575549	0
14.813191376405737	-15.787816774184797	0
3.287255131107787	-7.773530987961488	0
-5.271713101324975	11.704892092586071	0
0.8957987394426947	-10.786039281484685	0
1.3858593781675044	16.422816615687935	0
-6.610088879128653	4.478498085725078	0
-13.941446151331425	-15.296984989143043	0
14.886540207275289	-11.338131859672703	0
-0.14534152168391046	-15.341881804608924	0
6.522056220292161	-12.956218355015444	0
-8.34585123847896	-11.327556074068381	0
10.076573798233607	-7.429417384925179	0
3.433948151298374	2.8795921221795906	0
5.657463477998417	14.880996963438866	0
-2.46012031945412	15.507300184527972	0
3.4740460411730156	-12.946291006084998	0
8.584706000680434	-15.288749616017206	0
2.518838780944801	-5.211213152646286	0
-10.978534333841449	-7.788949918837318	0
-0.5907419206147324	2.857390684725649	0
-11.870865322357332	-13.836994370718806	0
-14.043890648299051	3.958194572129643	0
-8.164671088924305	14.950322135844365	0
13.9041699244096	-13.97840681978729	0
-12.10025546608831	3.8857812738794495	0
8.500816670814274	-9.155357648644449	0
-11.064716451557457	-13.756158153181417	0
-18.182893226612595	-16.44611778629885	0
-3.640198571925941	10.78522224455618	0
-12.942507746082779	2.432904664323492	0
4.71550141824105	-6.484861874680297	0
9.287210904763317	-10.398330300452038	0
1.0467396588102984	2.54024402148211	0
-2.212385076135095	3.315775446374012	0
2.997039801889545	-10.776931463011765	0
14.43144623864197	-19.340608300914077	0
-6.358226313772333	-7.58923561281394	0
-6.890295363158199	13.044948776392133	0
13.916692191499994	-16.59830325767007	0
0.41221058375214614	5.503063741310941	0
3.6276712943359257	-15.259942723446699	0
-16.49615645695958	-7.202864421549138	0
8.697439388612134	-5.48904305182349	0
3.616630021200291	-15.365159808553113	0
11.17707654695971	5.1260749007053	0
-3.2595232743724223	13.21899326744985	0
16.249236123519253	0.669620012110439	0
9.402457221887168	17.997004976647275	0
11.508427282597914	6.821244193458722	0
-14.343157157506399	13.628267480903592	0
-19.944062604485786	-14.811344782725989	0
-11.530762728830766	7.370012159233186	0
9.813398742020972	-17.429290188946716	0
2.521077022719047	10.187885821755781	0
4.700935803154187	-10.337761051721529	0
8.78870726333905	10.388703331979961	0
10.940940265485985	17.998026816188908	0
-11.055309412918447	-18.20952988410667	0
19.437710075491555	15.594902977558638	0
-0.7335594208117779	11.957977453103613	0
0.5147505810525166	-14.221008141891375	0
-15.021347452567504	0.1635769834903078	0
12.357511768769438	-15.774384182613863	0
18.20593144927146	2.9649252624772915	0
11.775796828657219	4.541125631563827	0
9.522204451042784	-1.4555088122188575	0
0.681543146302519	11.407075340816345	0
13.786761766336006	12.034719926498507	0
13.789588810306196	-4.076363236675049	0
3.595548345724069	-12.9866060583865	0
-18.088554217296018	-8.591502476194236	0
7.458553442332314	-3.907351329034534	0
16.16358359146339	-5.712880269678435	0
-18.52247320314467	11.802811675444019	0
-18.64583737488553	17.43714805645424	0
-2.0689643856270434	3.3788025556464074	0
5.422214968593981	-4.585416400614268	0
-13.964238815022458	-10.386797608609113	0
6.695694792674725	10.659923776291471	0
4.145896698627389	1.787843535541449	0
-15.930207746371906	11.325414960486597	0
-15.382978304342725	-3.4036700190203106	0
9.545034741538272	-19.71669736123178	0
7.204723013536216	-11.01984545422049	0
0.7024297434425009	-16.742872763308164	0
-0.48882131900752857	8.779955398344255	0
-17.74608537800328	10.83038332844065	0
-0.0865409321047661	0.7665473387564736	0
-6.6639347564876905	18.675343803451536	0
1.7856305030458097	8.078233637455522	0
-12.49943445351985	12.568405132860775	0
4.7220053396412665	-0.9798652067217706	0
8.700093086058844	7.531649290492344	0
-8.19090280345721	-6.785269586777893	0
13.90798734376203	6.653056153815928	0
8.98792314239492	-6.655947969573175	0
6.460681956312695	2.083381430558715	0
-4.246939820297317	-4.463373702251534	0
-17.260371549029884	-17.295147098543396	0
6.7958825256815025	11.31760855633031	0
-14.376108739439148	-5.982938319107074	0
-1.1668880137781423	14.978764515678442	0
19.87014568910862	-16.670874908006393	0
-3.16683347791062	-17.816919854874303	0
-14.793069597475554	-13.461411781982303	0
-18.519376699639047	12.239797543533202	0
7.245464851754795	-15.054363431527133	0
2.8281067833746176	2.326089987162141	0
-10.64116128582615	-3.00715727744298	0
14.326463259934808	-3.764282910828638	0
8.867434934919952	-15.648827437921508	0
3.6365537434991646	4.330198157468468	0
2.6251057854085413	-5.618396409208417	0
-17.053083588584286	-19.574598180384886	0
19.85926706980329	-13.368112761215976	0
12.550310284575552	2.4046121752268057	0
10.2403729040185	18.741505767637978	0
-11.930309935991442	-15.020932841085127	0
17.86599843559209	-4.533329863524234	0
-12.320299652718472	-12.465284622435107	0
16.883381381648963	2.24026310773378	0
-18.78769423331129	-15.972908120688025	0
-7.477165343992058	-8.505663932055981	0
17.860245759325156	-11.928006567696876	0
-6.5594443334435715	-1.3254631565833996	0
16.254603730404078	-17.207884050101274	0
13.174170275616671	-13.314102379671663	0
-19.961212677455155	11.094080539507303	0
6.6982171063204365	-10.075273595073648	0
-7.895680618800949	-1.1162028740535268	0
-10.964592621210487	-15.954255985590695	0
0.7605455112792159	4.503080020239767	0
-11.041998709196967	12.12888028979914	0
13.3532051072316	-4.301331997618516	0
19.202231401399402	-9.864022267076358	0
6.705698386607755	-19.748952932565924	0
-1.3661323233073297	-19.877760249397124	0
7.032786939382012	-4.899115247538193	0
-19.052106607291762	10.292919641780557	0
8.476533013669481	-5.4277287729684565	0
7.3683397570047315	-7.119576266914751	0
-6.3698650850545135	16.378516795339117	0
13.576107643220556	-11.51262822362387	0
-2.2961654846533275	-14.0553367738131	0
5.271658338864245	7.806239084485682	0
19.394622218336274	16.252846054136892	0
-9.349485929588495	-11.878383508372949	0
14.642234770358748	-15.044791865734709	0
-17.10588735271857	8.586537676351114	0
-3.483158753684714	1.110135588332568	0
-8.941725310457223	6.057680502593028	0
6.462558111974328	-7.503302935630285	0
-0.6674650104626911	-0.1212053458227702	0
-4.806515594180372	-5.914533893875533	0
-2.19356392089884	8.052193417517572	0
5.9478887652207835	-10.70488751714484	0
14.421672324746435	-5.611681894795071	0
14.206406191418894	3.0550427441554717	0
4.382906560104889	-17.824918087675737	0
-13.145853402407743	17.74997898902202	0
-1.4114922412118824	-5.790919247417654	0
-2.2417317791816105	12.85610657360316	0
16.31701788665929	-12.433278861338021	0
-7.273259290925331	-15.446928592405126	0
14.856170630396171	-11.980382554929703	0
17.94814249181572	-14.292777514619864	0
2.2795196601518386	3.7393378580500913	0
-19.258542289811025	9.613316498224101	0
3.3630775805271806	-8.189653378034976	0
-5.493436153275959	-13.654563913610316	0
9.124295645383462	-8.695785357305358	0
-2.3267985369106903	-19.91356536276056	0
2.3933297198024484	-2.636259110412551	0
-4.794697869298026	-0.34419959535158196	0
12.869805430769512	-10.258933936049882	0
-18.66388504262691	2.158276918890274	0
-11.705507223580401	19.84900566569799	0
-12.827269815548604	-7.148462798603918	0
14.629931405685014	2.8931942575024783	0
-0.614740166375638	-6.169640260357907	0
-4.513285865641703	6.13425785121636	0
-15.266598513650877	18.929273918292367	0
-9.35271338794844	-12.277520457692379	0
19.724367631454488	3.5082768459350167	0
-3.1623755721832403	19.907197500329744	0
12.028649514305712	1.5821139093115422	0
17.634567565056237	-14.351249697338396	0
-15.250431371891263	9.591705731333725	0
0.48487312810832073	12.138709116675358	0
5.351800712998105	-15.816475204959307	0
-9.595864208767662	3.550447459417345	0
8.506742139389685	-10.366047019194657	0
17.78944851828839	-1.6481332531996706	0
5.69146319563425	6.685543471200481	0
6.710578403571219	-19.553617780630642	0
-15.532057495592007	-16.41855509667378	0
17.386086205144554	11.524372686720783	0
-9.157731768744712	-5.606295025116821	0
-18.300873335786196	-3.168973338812542	0
11.214842389277297	-13.839601893518001	0
-5.060337729103992	-10.026293577314277	0
18.51458198073171	-2.0976023722458725	0
17.020163046718476	14.505196818337613	0
-15.252940277678348	11.141050460169817	0
-15.81791278527291	-8.149306218868354	0
3.089973724931414	6.1487741072649005	0
-6.867992413158972	-13.519755306932236	0
13.3327900565203	8.188135216423692	0
13.207394040392906	-16.948143659113445	0
6.758223988553267	18.13618709847369	0
-6.790353772516369	16.352778180647263	0
-12.298770605204155	12.61629022437794	0
19.610591297977273	5.94894055465824	0
-3.312349839248454	8.965805025914996	0
-14.313192524507157	-0.9632510738259592	0
7.631268477556006	0.46291720027495487	0
-7.845798101165653	14.920242339422938	0
-12.367087522980755	14.01913639879076	0
15.714104892526727	-3.6864888501869952	0
-3.5156791677268284	14.386853212924017	0
16.249131474072946	13.621705483162078	0
-10.862471287313365	-11.097832703378963	0
-17.140618737544813	9.71905339512784	0
-8.653728480829944	-9.329664173798928	0
-1.8968178951494918	9.370772288846814	0
-3.840531108850076	-3.1618022372294297	0
-18.152346760432163	-19.414886574864365	0
8.857116240261472	12.5565594629292	0
-6.126902136678578	4.3344955416035535	0
17.230923146096004	-17.876497119545803	0
-3.333829955217138	0.3036286415057887	0
-1.7624181090252078	-16.806213754351056	0
11.299644216336695	-17.37963353610754	0
18.209494713668732	-6.908245642242989	0
-7.385407345377768	-14.348722844991592	0
-15.720149833974446	-9.509978194964077	0
2.9028802740631043	1.5013845368093026	0
-0.019733281399960667	16.335648351138417	0
14.072729801451418	11.927790831692935	0
7.926230214411847	-17.31945678015229	0
-7.659938617133153	-17.097148154819898	0
-1.447743214173145	-16.17440442127776	0
1.7372182726594065	8.502265089911582	0
-0.12500886418650659	-14.373405283357595	0
17.337202158626624	-2.175104516523585	0
9.765097740166162	12.766168882659725	0
-17.121874937176827	14.13091875095036	0
-9.37765010494707	-13.822826358190948	0
-19.612236809818583	-7.342398587745538	0
-14.532678519895201	13.86825818317853	0
16.30917762668361	6.202893112081798	0
18.257421247913356	-18.866994977806925	0
1.7497962956572755	-15.329783750667666	0
16.456840867608456	-13.098321332293207	0
3.123765998765209	-12.694261274547255	0
-12.725656366898663	-8.860246691145681	0
-13.081477321348336	13.853904299947061	0
9.520152898058644	0.20428561745033047	0
7.769987379395298	4.9421273086249995	0
15.83509193178144	-4.59525606759442	0
-15.593629330767218	-16.58983209961994	0
3.3932646602763494	-0.2048792641726882	0
3.7632267098502314	9.044417048464165	0
-3.8633160168565928	7.975771462791741	0
11.228631540739737	17.263704180207583	0
0.7037878431468991	19.912391778982645	0
7.887595466665704	-16.41231295061456	0
11.869976199652497	-15.808934006137502	0
-7.802523317492298	6.686284227836139	0
-5.8018651697863755	-3.580066704888485	0
-16.94515147885261	19.457346594201603	0
-0.36742752517197275	-0.6775756598231109	0
-10.24646559996565	-1.3013023958164371	0
-8.697524948778327	14.344979237922244	0
18.339948577066654	-13.42350823071408	0
5.867799046951001	-0.46011773401281264	0
3.8043257303710876	-15.131749692230759	0
-9.390331293881067	0.12574840699057344	0
8.00352217180157	7.22582157437007	0
-11.628063807347706	-12.105513060844428	0
19.177830465413066	18.919132024803027	0
-16.295987691264635	-1.34247525338552	0
1.8903833599164122	-3.553661100377088	0
-12.10003668888763	8.424476564546062	0
6.735184685243998	-6.213781713849791	0
-15.541847501208848	-4.848545779263533	0
17.867796934743993	16.137858317479502	0
1.8193703001025563	-7.632947547667648	0
18.554345386847405	1.267196523875711	0
-19.517848405393398	-5.505819768845481	0
5.954751931734186	-4.373679346387611	0
-1.9868905031883655	-2.1249288087062412	0
-18.5630010853391	2.911063765784423	0
-12.314099411056251	11.05432481318208	0
7.4004485665320585	17.05810817138754	0
-10.533586542476897	-10.106991117197301	0
-13.627509522480166	12.648246054819094	0
-12.46730846957066	10.343385507731329	0
-10.062693145352872	16.385843098824495	0
10.60252207955553	-5.892461627803951	0
5.306105335401439	-1.5291745677305224	0
17.720840406599546	-1.2519381843810118	0
17.10187559307343	1.1284912271095848	0
19.441258690700604	2.1755576509722596	0
19.50343829952928	-5.880042625803656	0
-12.750010832284717	5.543724340355172	0
14.597958053895628	2.6706868392200533	0
19.862858395293273	-17.197108781915986	0
-9.994607182236454	11.629997488350154	0
-13.8067765419337	-15.734455541820594	0
-14.029113809965295	-5.443827928360214	0
11.572052562888926	-10.304836367771518	0
-11.900490325786706	15.607723919815935	0
-2.3022048411781526	-5.853070506413527	0
16.130400032772148	-4.729345915770655	0
9.243060644215952	16.03190753871815	0
-4.3920835195672225	4.153923892640163	0
2.8713720874202586	-13.831722191358228	0
-4.0507393382529155	19.569820056611952	0
11.79444163587597	-12.808026650195568	0
1.371936243819727	16.39197249552503	0
-13.149641799050018	-18.127838714867718	0
8.885524694906701	18.205996591512687	0
-12.30859315409701	18.165201613545428	0
-18.601507460160853	-8.6461598854765	0
5.989922156927361	17.143155943585366	0
-19.09446671771715	-17.044008616149824	0
-12.655158579678588	-7.052952970259407	0
-1.5708438635422484	-12.074624364034484	0
7.948566998909121	10.330885217336174	0
5.0626624957702715	4.278472349344407	0
13.933619829119834	-8.233586135299781	0
18.233045785573353	18.155197560225822	0
-6.56024100351515	-17.707159426739857	0
6.878880635589724	-6.354576014178415	0
17.80342391426709	2.012329547844418	0
8.164155422410428	-1.2137861698010344	0
2.245413034502892	18.06071045690726	0
13.235963613474077	3.0609192396055906	0
5.789661060195863	-5.902346426072893	0
-1.366568216674544	-5.610925488417129	0
18.406450794275536	15.75731311543823	0
-17.513060353144745	12.993774298544881	0
-10.602914176215346	5.764955136474983	0
19.287939265082862	1.5380624827549472	0
-12.733001544812934	12.474156468945719	0
1.2973065071684875	18.82836028950916	0
5.179239549841843	-5.172314347457947	0
-16.56480982459629	-3.2186599494296164	0
-7.676679238192365	7.790509122518197	0
5.723096871720128	-7.028943397924152	0
-9.57400844952122	-5.307963147017141	0
-15.998964478542028	-9.627494893489317	0
2.8870867588780635	-6.105547678585723	0
11.96053605497112	-2.9657316605949546	0
-7.082799901964494	-9.995437117079655	0
12.895408782568838	-6.799316233083652	0
1.4239853080886666	-4.731287658971057	0
-18.612595193059885	14.11032604464371	0
16.165468065534686	6.0385396538448255	0
-13.471757002404011	-7.007082790579977	0
3.2773960740259644	-13.714444788953877	0
13.570982048435605	-18.7418947689478	0
-8.35339172837886	-15.900519754412423	0
-9.024965160641667	9.22902058018213	0
-12.971380285764443	11.109395711160897	0
-11.68807550010078	-17.554342289101758	0
-18.309777634184773	-7.102214864925966	0
5.714728778348208	-12.163843778983438	0
10.269907679956622	1.0253770691842945	0
-9.420135239435425	-5.483531282263017	0
-4.273902205948987	-3.9971797865355985	0
-0.0011720498195666451	-14.307776783903595	0
8.773373919933336	-13.6018046876279	0
12.86436624617011	4.396946298939137	0
-18.591941880096773	0.8251741836166149	0
-10.801576064233442	-9.861624205440034	0
-0.9411681137555972	6.943926131254932	0
-16.003509991479664	-13.198257837541947	0
-8.643740098728188	0.13404475139003225	0
6.420641798763271	19.704949774639474	0
-19.767067568035554	-15.110451106649858	0
2.683639514022844	-2.38711897605016	0
19.817491908956917	-18.83249180201875	0
-10.962278783771481	12.887538629371956	0
3.851881500421235	7.927542052999863	0
0.5650611238416836	17.469527370626356	0
-13.383908487833423	-8.497085658663446	0
14.36884103221752	-13.72714229999913	0
-8.15946633559465	14.444633051293302	0
-16.84479210136186	-18.416835460130233	0
-17.890700976221446	1.5139205800934885	0
-13.211028610165737	13.778582476930467	0
15.426579056615779	-0.49199915815444584	0
3.2263998923668202	3.2679696730212715	0
3.2322687555833296	-12.691095991469158	0
-4.202075891686126	10.53437832725987	0
-7.406979159904776	2.7089991000599367	0
7.973084149880312	-18.664045317781518	0
-7.737061320325718	0.6039159896184287	0
-16.943033819906464	9.242162677140033	0
19.833975821594603	18.478677217150423	0
14.075472697176096	18.18130025658766	0
-0.3689491801599232	18.509054125708374	0
7.085421408501782	12.386751510313431	0
-9.350482992775198	13.747813031021252	0
-10.237478407163936	7.739730490884167	0
-10.304196468349552	-8.418897445795555	0
2.955453329760349	-0.40439281280258754	0
-8.124817465502169	16.929597971681698	0
8.861648950231618	-0.1559447591312546	0
-17.281792985608764	18.91738526333301	0
2.3382172264185197	12.855639265958985	0
-0.544633951356519	-17.77413227868834	0
12.620275769570725	-18.38927172318538	0
-3.2386474196199577	-18.647972105104603	0
-19.740457954464922	-19.225902555975473	0
12.858651507906686	-8.953407467493006	0
9.356167395419398	-7.000988877122198	0
-14.814095626323823	-5.166804296525012	0
1.2357892148664185	4.796358076893159	0
-2.954703378399577	3.3769384961388393	0
-0.6717679164916746	0.49750342523813273	0
9.96345522616965	-0.21223635817356978	0
-6.805424086454437	-8.631379239452727	0
-5.691611483288317	-16.656806977653694	0
7.539412774557226	-10.34222394647189	0
-4.719021358298554	17.037346742330254	0
10.81066686419521	-9.929385859019252	0
2.5333920205403215	9.675836132833169	0
2.6939647362953467	2.6296231653447366	0
-5.784682804453243	12.221968437114313	0
-10.246151091554578	1.4075109628161098	0
3.9250215171581537	2.643777361561077	0
13.035021316615008	18.536975446726967	0
-14.958389027784392	-14.452881972679862	0
-13.650995702459191	10.922466929057396	0
-3.5946349783614906	9.134569608167201	0
-19.360874796395272	-16.636888258883175	0
-17.30488073633269	10.071763098270168	0
-4.884018850208345	-5.709648818417139	0
5.743042539528758	-10.23227464288961	0
-0.07252124411862404	-19.41696847971016	0
6.250146328314212	14.568321209629143	0
-3.254271192849374	-5.446662704830203	0
-6.7417888281491	1.89858969554753	0
3.5083679302179327	13.767990339992977	0
1.4634140766035042	15.962728759157478	0
-1.3238740385855685	-18.0526334457453	0
-16.228152770147254	-3.4410340511336512	0
-8.770968743533345	-8.129507078135717	0
-19.23290815069736	-17.01693645213551	0
19.82015875853055	-14.664539269608085	0
12.608996012842901	-6.29799650818379	0
13.741082932901403	11.02117455916539	0
-6.4088429587159235	-16.647577322160465	0
8.769583601252586	5.323626662983054	0
15.04168663596321	7.05186189107053	0
16.695347162164012	17.314476607394027	0
14.333995636180612	-4.852863715485354	0
10.548439920408939	-0.49197763605897116	0
17.54975915502946	-3.553592889671209	0
9.309190721978386	16.475466990141694	0
-9.715631747191509	14.012681151495233	0
-10.83443838700909	-16.33069245534244	0
-1.8985087649955146	-2.4129919460308757	0
-15.86445986019061	7.387488867433127	0
6.935538812981057	-11.312490274367235	0
-3.8381275962525185	15.125895270301486	0
-17.793510023740197	0.3853533346568172	0
2.399170867056184	-5.071930806396523	0
-18.823214268595592	-11.065847240494024	0
-3.37794898271206	5.103651689139079	0
-16.29879287800286	-3.764225262616434	0
-6.233960827101908	12.418690902997804	0
13.0014871898595	-1.4394185763840728	0
-14.524709792421845	-18.15678539699725	0
-13.558214565053692	2.9953835171036447	0
-10.961862249587009	16.068704638301966	0
-2.990646768701226	13.555787974449704	0
-3.2748869388827506	-16.638200198195847	0
-5.170468279148439	-14.669653774132199	0
-8.474335843615162	9.546498503086362	0
1.6904044087071979	-0.6206778861771989	0
-12.982587875780398	-8.05683280571468	0
-6.953748103239383	-11.799767142827422	0
-13.586536637575467	12.049366445793922	0
19.356439728712576	13.887429795406621	0
-11.136241231762835	-16.50983299923523	0
-16.352258201382675	-7.996661953727839	0
-13.61796566214399	-14.890728359336238	0
-0.17176229005816612	-17.662650586574443	0
-15.295954736399594	-18.101422461920016	0
14.51606762034289	-14.158067118847665	0
-2.9768771617594725	-8.62581403118714	0
-3.7815191749194987	-11.833193694988204	0
-1.8831070093731261	-13.248618296466748	0
-4.86753688268164	7.253584428602449	0
9.870599904068364	-16.790980353075504	0
9.050153208520161	-8.379053314208873	0
17.331886408882173	-16.55122339249651	0
8.500184610504572	10.62694147409096	0
-17.203472197123865	5.882043770533727	0
-9.485966491403182	16.427588833088834	0
8.904615336406799	-11.277795465779974	0
-0.8862592557121163	13.616879149465566	0
-10.192159313907485	3.7870796023973208	0
19.431778620751174	5.178584965533597	0
-1.3931659705668098	7.787862263871075	0
-14.75043106893021	4.942294036338999	0
11.372165236030263	-0.30211858165463124	0
-14.415770356395123	-14.294143955566941	0
-7.995506609923457	6.6882040582137225	0
4.6033855349053665	17.462889844389807	0
-8.686090885445733	-16.703456292678954	0
-15.736678982775501	-3.0957306213757674	0
-4.21218250621866	-18.761939208859644	0
2.764437487550464	14.948994900646039	0
0.3236234952347905	-8.84129824465476	0
10.096446028049888	18.023191149402628	0
7.536244762492936	-7.9941590005550545	0
17.242642983866872	8.218370362086764	0
11.712033772683625	-4.989261599336099	0
-14.98478092716859	-7.448466533777656	0
-8.978136475295422	-0.8810993103623765	0
-6.248337629997596	3.3584106718193674	0
9.115649008737133	-6.526768332740089	0
-0.3818389960336699	-7.782557992480679	0
15.238580345932093	7.512129320129728	0
4.786422133062613	13.57124210702425	0
15.693946455675555	-15.143880201580222	0
13.23018799618541	9.753520475301642	0
-14.33897770988688	-10.758491938485966	0
11.787686261096102	-17.51060916957	0
-18.24936247088555	-17.295011483089233	0
14.350426490743642	12.949109441303236	0
-6.5262980371577495	-15.919747836458335	0
14.78885538218325	-3.9221990435343823	0
-6.833396758641022	13.382050718936318	0
4.682297243153277	-8.837449280492585	0
6.307222161997985	0.5318801762445391	0
14.166333400988336	2.9342261830323135	0
18.382600339511583	-7.133266625284671	0
1.2572443212423101	-4.379454841381429	0
-15.336301247701428	-7.568157899502728	0
-13.278712347033217	-4.5139444025839115	0
-18.840735396919086	-4.03143418832042	0
11.737207387044485	-14.978181633700093	0
18.315674808973313	-8.7657931602112	0
14.269300818939978	19.272135419200907	0
6.398365930285905	-19.815674249268618	0
-14.146637144195765	5.134216808155538	0
-10.729522155997193	-15.648283069373878	0
12.874924025065372	6.899321832119858	0
7.070119234106231	18.3265696113596	0
11.379233683156107	-1.076717442986772	0
-10.70642110926109	18.590873628537274	0
-3.6931313716145286	16.282033423184032	0
-17.88861912203491	12.628589919887911	0
-15.461003266991895	3.5492758024126614	0
4.479947227342218	-12.202769779908902	0
-16.676697472275173	3.1360582863211306	0
-11.893563267285675	-11.852526282058093	0
7.922081448743992	10.810882925836381	0
17.046181809768967	-6.288125535504392	0
0.3839453172293794	5.489910196431453	0
19.893220259514173	0.6758673518757519	0
11.545265102432843	-8.351179926171831	0
3.2141750377607137	0.29873694909812176	0
11.514580948655935	-6.252790462317357	0
-4.568581354854819	-10.356451160596038	0
11.690564802208456	19.20951213318672	0
-13.606127305792452	17.76770928335312	0
-7.854111881424437	-10.753182390370855	0
11.634779856499723	-3.495650717330503	0
-15.848203574943941	-14.041709947568153	0
14.924644833239125	-5.570332654745793	0
-3.9192445260426734	-16.470512626070423	0
-3.5351194884611603	-11.026950702218553	0
-14.662016185784754	-5.610651477211186	0
9.073600483855673	7.714848258902602	0
-8.26291174930358	0.7851712250116938	0
2.804401459925523	15.243414043639572	0
15.732839779592332	11.987106862328671	0
16.23630767703151	-17.18141216589472	0
-14.380512064545897	0.46141668772406774	0
7.975464056198294	-16.67114926230607	0
3.509282731570935	-14.662121427310112	0
-13.903558951652307	19.106753418016087	0
-12.806978303757063	-7.407309933864501	0
-4.908391772335214	2.087768304637021	0
-10.014331386767608	-11.321826417981553	0
-6.481293892191	-12.510844509156787	0
-0.8850972428160286	-19.513785984589838	0
19.90040742576656	19.631391991926396	0
-10.88034032319201	1.710908142805354	0
-17.469559249536694	17.99410644959849	0
-8.273544635751172	-17.87749324071179	0
2.808247162062627	2.1459642732345285	0
-9.658692183723975	-15.286050682370549	0
-19.19123286278215	-5.575960388181551	0
-11.361314371876237	-12.277097760413053	0
5.904913962473151	-6.387480406267043	0
-15.775883378490603	7.131354800717529	0
-17.26319156288104	-14.889327035925817	0
9.535672040023515	-1.017094036181132	0
-12.444889784142358	3.3775810447722865	0
18.307134803578645	-0.48473969706563924	0
2.1319370606173305	18.997521862373898	0
-2.1805008549465255	-2.106070254575636	0
-7.390290632912939	-14.736757225009804	0
15.511139415568405	-11.313830173335129	0
-11.748932049404818	8.146797951183956	0
-15.815689620591527	-3.436614206715034	0
-10.123923821632953	17.13700106939583	0
11.416183407201395	1.2132288924955104	0
0.8248549535097238	11.780353383165384	0
-2.0333312931060643	-16.71459215111835	0
0.6168178914839073	-2.7104340202580213	0
-8.458883659752763	-8.281468461834592	0
6.806260774637791	-4.599824813954281	0
8.356191197158402	-3.024057502192661	0
-17.29542214653933	-10.24895295730265	0
-8.165553553338324	-1.4540806392117833	0
-6.750685436500192	0.5758172931557226	0
-8.297353541527972	-7.877079498222939	0
19.84393373769571	-6.92091281073298	0
-1.1834315881531632	9.905044471254381	0
-5.3714318977564535	8.99044078429776	0
-8.129051022020079	-2.4447835914932536	0
-3.807767341462105	5.449890135422066	0
3.6368025054960684	9.219678533959193	0
2.163280040396147	-17.734302272206794	0
3.277261288630977	-2.7723894611537103	0
2.4167610245764948	-13.687946504187716	0
-13.640453380418315	0.258623591173448	0
8.01758840016452	-4.968425613424912	0
-6.85511842621759	13.82719788078476	0
15.80957109850833	15.35793935890732	0
15.057590435575285	12.949234065255526	0
-15.051881916883803	9.103074670477644	0
-19.646913093589006	5.366132065273388	0
3.234987477058797	4.5634380601520075	0
0.5124747563454335	-1.7975068520483317	0
15.155998608007447	9.76920467075769	0
-0.8197868257631669	8.067294708177783	0
-18.43526739584323	11.080231779021403	0
8.72744864358662	-12.089200492871917	0
-11.773242817068947	-19.78460301488266	0
7.384538888741683	8.313740313783855	0
-13.202351989745447	-17.019336366311897	0
15.864506181641715	5.28300635751771	0
15.03642303576103	-17.632083618593803	0
0.9446845417909566	0.41241523212076636	0
-17.677431982030633	-2.289957392032931	0
-14.431718021111418	-14.446191407576755	0
18.87017468924732	9.930348110058915	0
12.932807013531207	-16.89556031103702	0
-13.022681047529495	15.9558478929591	0
6.468607622494931	0.5750197471218321	0
-19.55702523385324	-6.084669304378272	0
19.388025613932868	19.64771414775523	0
-18.413923234002432	-18.931019286012393	0
-6.308654474632744	12.931631163937292	0
12.09345121938096	-13.321818857184965	0
-7.12345949523403	10.927849145000405	0
-9.612734041001652	-10.89535418585391	0
-7.450115710644267	9.226984194269345	0
17.676553688143635	0.2665794316505732	0
0.5728763966451744	9.26248306117948	0
-3.120019245584058	10.401564272029349	0
-14.662616202262369	-8.477106992883826	0
-2.9458627364656387	-0.21486555383638972	0
16.772178548249684	8.151638356095617	0
-0.8611469531689542	13.686465839031019	0
2.886710213936028	3.2478994934754413	0
9.671309508953168	-15.935088476203582	0
2.2463372992555497	-15.585417124000909	0
-2.466815774222031	18.696811021441597	0
2.451528982779787	0.7511162691114048	0
-12.408914538840069	17.184420739321666	0
-3.6722391629635087	-9.764491161912986	0
10.676942956950493	-13.59930917731222	0
18.443373235953374	-3.6528130168430595	0
-9.832782574319822	18.578580672624398	0
18.383639462453477	-14.880284564200984	0
-3.0375579334117564	-12.464832733176529	0
-1.2779992527082351	-0.43194581481913463	0
-0.468395033595046	9.778284831875599	0
-0.023033383996109436	-6.763806358978779	0
-16.07695515983373	0.5015699673271623	0
-2.9490014414369448	13.997028427633285	0
10.136768859547223	18.6977955787027	0
5.352472771885148	2.7931141194432785	0
10.168033298389304	2.3703989494074085	0
-16.032459248328305	16.022753299580717	0
9.15048922320607	18.76890214752168	0
-2.4701270443362455	13.1078951729484	0
-13.361443835394002	-7.321336695763598	0
-4.320843141569695	-13.21104649546269	0
17.481287298817307	15.994552133429337	0
-6.782725527358839	-10.945956601547792	0
9.071218386659563	1.345210998780808	0
17.177582787078176	-18.98608628697791	0
-11.155228703671893	16.528979039772274	0
-15.409232189166136	-14.027606409778448	0
19.174343997784725	13.19890656517317	0
16.73863203655023	-9.396657833429964	0
7.573098377274428	-16.61203582234705	0
10.364178478145956	7.466585111939632	0
5.899336142640701	14.616301748507912	0
11.255052089980367	-5.336276630250882	0
-4.3968538272282	-15.730219918046163	0
-17.492862529066542	-13.542356873632691	0
7.892237790905816	-10.680176262017254	0
-1.0675914489999316	-3.7418193840260017	0
-10.596598427304723	-12.048469993725131	0
-13.908519646770259	-5.388977672782236	0
19.95320418384847	0.19232912325166218	0
3.9384066161540687	-6.273002258307878	0
10.225908935793067	17.567574738273102	0
-9.565171251897052	13.005851828195558	0
-19.56952639994053	18.12667843327301	0
4.299387760870412	-10.074504376033989	0
-2.61915361273795	0.7745167073035164	0
-1.0831835088910502	16.52528908450408	0
-6.420220839100788	-19.04612911429456	0
0.015772250978134394	-8.47238775367849	0
6.045993293977214	18.975141546119026	0
-14.073995750872722	-0.48880535585049234	0
-6.491866680341545	12.956032399609736	0
-18.096004415592326	-5.109142569837677	0
12.995278233676185	-7.835688687442111	0
-4.187078971881957	-4.0545353710249055	0
-12.367055198703301	-18.872610132861265	0
11.181887012656695	-8.60340384734938	0
6.618207637857809	17.303352865891156	0
-19.005564439148554	7.32445885800209	0
11.967252230122778	12.437960742164922	0
-9.447497338635667	11.488658581453244	0
2.8484240111631065	-6.44237524727417	0
19.90937409683213	-18.824798597512086	0
-19.077950153618936	17.400807732141637	0
-13.642323463330426	-13.603868354454928	0
-11.299897288161645	-5.704542822785816	0
5.1807724182037385	7.337891219901094	0
0.9720816216294592	19.503624253881565	0
-18.708177398228266	-17.110149925610823	0
16.09858729974266	1.9140495468807206	0
-17.88379109540413	-18.609091507915405	0
-16.02968753280645	9.377211794739893	0
2.051793695390489	11.469136736020328	0
-2.801287198528768	10.55594668246869	0
13.508065733792979	9.972573051881955	0
1.1202212419866031	15.433450518836995	0
-9.502303922960479	3.317505335265194	0
-18.817651181018512	6.751201258416231	0
-15.771093990697498	1.998724152793212	0
2.768971024105231	2.774527136014857	0
5.15265887315318	-0.230167242388446	0
11.683096319325298	-1.0384012951148591	0
-19.242920252492375	17.315001704678643	0
-14.600877543372	0.09977516935090858	0
19.157704812557256	3.106036557471663	0
-7.419568332239024	19.968890633161124	0
13.010071173907786	-11.31977325936357	0
-4.583997204675212	-6.878605520436882	0
7.657058380312951	-18.995252026977486	0
15.574617829796793	17.22549549452209	0
7.424430776767759	8.493420832593266	0
-8.348102470617764	-6.1688138971043305	0
-12.314199822107327	14.88699101634527	0
18.71927744505847	13.266103948626213	0
2.6807951239176075	-10.114145833092035	0
10.791882600088837	9.13911094025801	0
-16.245789603448234	8.135274944749478	0
19.014379078794033	2.6082404278309035	0
6.342189056552536	9.104820855481183	0
9.506161634439604	-0.721724171945648	0
16.019226762596578	-10.487937294230774	0
12.985122001282576	8.097567416410033	0
-4.661647763962979	-4.984563466235152	0
1.7315402458079587	14.05288447116555	0
-3.1196635282404817	0.3894854652691304	0
-18.002456124847818	-5.90437608322258	0
16.863768776568246	0.5041441499934018	0
-14.863497408248666	-12.186781814393722	0
-12.741879506346852	3.857509085266173	0
7.116744727506825	-0.49395278303038026	0
-4.1510985415989765	2.4017588849495786	0
-8.249167796487665	15.950727651813331	0
17.561203398468322	-13.944636953070173	0
-19.425572849952353	-6.607454103185573	0
-11.93701374912601	-12.898474492384796	0
-19.33032068020107	9.950158752645116	0
8.75911941367634	16.924093220034592	0
18.67445315815719	12.635472484728808	0
-12.278822800326857	-8.5403682689773	0
3.9770965007802728	-6.687302475467223	0
13.591701905977832	-19.0675911088325	0
-16.99307283124153	-4.744227222467554	0
19.424328285409654	3.117974458231072	0
-8.28425384847848	-18.732265081417662	0
-1.3928685095548365	-7.868837968469493	0
13.405557878982615	16.06271889834142	0
-0.7582754893660892	-4.194147568050446	0
8.488663811273485	15.475645420903525	0
-13.673941504608354	13.038312962636107	0
-3.7009942890489533	-7.634964047021211	0
7.437349640818383	-16.200086639402027	0
15.608182755711105	-15.501379038764727	0
2.9311722098639326	-19.38080243064725	0
-10.406648646870273	-11.891781767753153	0
0.3755394548431923	-14.960123484451673	0
-13.591531205231288	13.640356993516729	0
-12.59853430220005	-10.603097688449612	0
11.571460898441156	3.8878817015065703	0
17.159386572959026	1.4432519259403254	0
-6.253791928009953	-9.35239627101426	0
14.749427703037746	-1.2572477471534071	0
-17.12667145666039	4.377523559195464	0
6.351541101570062	5.039927879286741	0
12.589228534688534	19.56438078269787	0
-8.707357343570944	12.141619275337842	0
-6.929827457630537	-0.7778069256425058	0
-17.191847482641723	-19.60415892768417	0
7.181425245438966	1.7198714384263036	0
7.9991186313617835	4.5215783363463125	0
17.37724390472492	11.765430297808766	0
12.045734602192537	10.047426401583968	0
-18.69236593253394	12.381840011277937	0
18.810555070821863	5.00067728802204	0
10.017593259007498	17.28935566616817	0
4.222199757286966	-4.233288260751924	0
-8.84992302905598	15.454307401855733	0
-19.325850680189212	-12.633860454270858	0
6.976236734807859	-0.28003020286829106	0
-17.313467212156255	7.350330157104494	0
15.109283319360078	13.183140635674476	0
-10.834444759963935	0.8463602026642914	0
9.389117191539436	6.151108796651008	0
