#Customer 1000
x	y	technician
-29.697505780409262	-25.652651790954422	0
5.506164220492471	-20.329879128108782	0
13.035669316052685	-9.474586112775222	0
9.221429732492041	-11.34032553090676	0
5.9655122467828665	5.197921169860038	0
16.040231778706012	11.121257879493188	0
20.330861453990828	16.86676017857225	0
7.661364219315949	26.36654666217631	0
14.664316438049461	-25.895744929436823	0
21.155310265805298	13.962856830367258	0
9.899407676882335	-10.865962474143014	0
-11.924907793764765	-4.355054416275612	0
10.12243550797197	-1.6851424811895144	0
-23.011184743901396	12.569055384217974	0
-12.283150941404541	19.706541294936255	0
20.805824898615402	-27.0979791118619	0
12.303122172676833	-6.204120223885563	0
-14.74742654106122	21.616075221169723	0
1.7121000961685118	7.481826261012012	0
-11.428506544513056	-2.237158065328906	0
-12.776071280156255	13.407890457829128	0
23.72890358549065	1.5567109031191606	0
-0.2579467057581719	0.1224221327076691	0
-21.107979048415213	-17.46739614765383	0
18.716333062867974	-1.610587927688809	0
29.15243027085214	-29.334272171622718	0
-20.273968427799517	4.647153318316444	0
-15.633168380269211	-11.60016339054772	0
12.396603473385623	14.1784935930802	0
-28.406489158322163	-24.361120139242317	0
-20.817848430344146	-16.494962394556104	0
-1.8682327811754829	24.684199208513157	0
-25.523703676329678	-11.934485597880457	0
22.430763460496422	8.263516085277981	0
-25.85715548049769	-0.5938848838190669	0
-6.7168818810453885	23.043357795895897	0
-28.99676828802154	-1.8702206626143814	0
-29.593111245605225	4.491605091716804	0
6.100715188156678	-9.137238343189697	0
-21.21809680735171	8.173097857262306	0
3.0557625015855816	8.208668297149956	0
22.88110404847997	6.763550360562299	0
-4.542058989383224	2.63186665000142	0
23.863647772983004	-23.786959087191338	0
-9.99855031696066	-8.917497519114963	0
28.174432614784177	-25.122668947115006	0
-15.024696432766707	-11.087806413981117	0
-4.93132407768627	-2.7280782661201575	0
27.60290568938255	17.29260086616328	0
20.14196117547708	-15.947312604103958	0
8.092500277944804	18.401407210362557	0
-19.22704607669854	-15.950701182289606	0
-21.469577638302965	-23.58043541471226	0
1.7797220010070514	-13.699364049592567	0
22.519640503555358	0.29582621166338585	0
-18.40512953879317	24.83818130811812	0
-12.708726658341652	23.380679822415285	0
7.028964953739358	21.595271894663977	0
-21.05045376771499	-5.741831244730955	0
9.780784302065914	18.247644923782527	0
21.722594113214505	-15.192658392873973	0
26.901903183816266	7.795265286957456	0
25.93247214014973	-16.19469364235922	0
7.08473770006947	7.6776159552050345	0
-8.091893282233764	-13.405334880010898	0
10.60605973540574	-7.373983855665964	0
13.339633294919341	-22.264560226827662	0
-11.1986087713288	9.339839709247586	0
-19.58819389362346	-27.354348926914366	0
14.344594342964822	-11.357862892248342	0
10.86915145664602	29.60870986277859	0
-20.925833706617244	20.770215258187772	0
22.91496218590837	-5.915672984650076	0
2.802736761000839	-27.463808591290682	0
-8.304197511641899	-12.155454198003927	0
18.047998600840195	14.94917254404962	0
-11.695794776107924	-11.681538263011328	0
3.1738438138690617	18.126393461372825	0
5.316996191853822	-27.295219946285588	0
-0.2353656761403422	11.682710641809336	0
-29.59448909549866	20.141288545106693	0
26.003348751072007	-11.267545632585312	0
-0.4088469324551358	-17.257487024590528	0
-6.765852628520081	5.0901085496733085	0
-14.128464365522737	21.888623313110287	0
19.730807474589678	-29.11543277788638	0
29.86183582421049	-19.39355336136651	0
13.816186020531315	-11.306393940179976	0
9.712701545530484	29.199247629266626	0
25.902918948811138	25.596773547474708	0
-3.597878542933013	-16.32903695005255	0
5.694487240625765	-14.271574009845436	0
27.51075414020856	17.522090572380225	0
-3.2665248244769374	-22.586677215181222	0
-1.8202131818523037	2.7374007973654213	0
20.36889212482555	-28.467864682895847	0
6.294403188837996	-5.820712399640378	0
-19.017161950198307	-1.9101397485565097	0
4.909753584754837	21.48851466378299	0
-15.036669582182569	-0.2792801778504561	0
-6.618115204384609	10.268919034612834	0
-22.12758564787327	-18.646974602262766	0
-15.05323513931793	-10.933044862221132	0
8.034626214413985	-10.892724675880016	0
26.199600187978703	16.378232649802136	0
29.943342037007636	12.55967176326517	0
3.2253466498847616	-14.190507418692906	0
-28.057601114335583	2.9294913255969846	0
-17.173412598307735	11.793631166519642	0
-23.71746608485735	-6.111905437061953	0
1.0612460722368633	28.237620126975756	0
21.30986936191546	-26.540256381719775	0
27.445242553384432	2.80280478591189	0
-25.984376343212176	6.2671778861736875	0
5.525218646289225	28.304539831811187	0
20.161474009816274	7.775571090771116	0
14.159752067425575	14.63653165766855	0
23.87609508519765	6.282391095719751	0
10.410790280581434	25.149523155319407	0
-4.3500142082066855	7.484123530882172	0
-9.968709029264975	4.401871491756468	0
0.23843524540206662	27.15089646691601	0
11.579387319076295	-27.962218462364778	0
-19.533740136737645	18.882355075749324	0
-26.527439944734652	10.115168784197856	0
-11.459138816377877	3.491070099527658	0
-23.827529880173625	13.515626036605932	0
-0.8412718811898157	9.578086969236084	0
-12.670014138177653	24.920462805086455	0
-14.746355633062773	-10.831367040855522	0
-7.54161354881772	24.10920484640952	0
15.589300698640109	28.031796331147845	0
-14.95470553164372	-23.521311221008453	0
19.749852720473402	10.648915876324235	0
22.399911798521916	13.332783428123985	0
-25.811909214756497	-16.37698559378013	0
-22.2074055539853	11.405364495267225	0
-9.861517839963057	-17.876364165713095	0
17.780134545655702	16.368790874935065	0
7.445988025466814	-6.162830543191175	0
-28.339643968112483	-22.546352370929977	0
23.65796625983357	-1.8169439979297852	0
16.90744793158124	-16.830906279037087	0
8.71763310451019	-10.973097327493488	0
5.620951605077451	-20.511397267646533	0
17.631430746498953	-11.9432745731746	0
20.35747098644588	-20.90944619944091	0
12.134307201072996	2.5030236402186135	0
25.267570570026567	-28.653245515950445	0
2.3433025450804768	1.8758002141097418	0
-2.805257342878691	-6.847828672211003	0
-22.274068157566404	24.364439828880545	0
14.697790258190047	-0.7783341939951516	0
-17.933325018719014	-18.743378883449356	0
-21.742997363940667	20.063116430734414	0
-13.646226094624739	9.45494773505378	0
6.420905673730077	14.135026096922697	0
0.04571604317672007	16.336814458300097	0
7.536836163568761	18.226118613311876	0
-1.4396502188603222	-23.63638083152261	0
25.294532477885564	-19.693810706264156	0
-25.152550017866687	-7.1323435022777755	0
26.638919005067688	12.96046492713934	0
-21.94996832775783	-9.996355480022936	0
-12.109428220013001	-13.262272041704774	0
8.268257561751728	14.957709962012677	0
21.015289984576388	18.12328054495997	0
27.82146859209974	-16.625932728547074	0
28.09775278344923	22.839711241663654	0
23.252071620922322	-27.86659772620175	0
-2.125636599716574	29.307261485111795	0
-21.166507489550277	-10.553377463078231	0
-6.817335128290967	-0.13423099584764175	0
-12.112645143260378	-27.807977384478406	0
16.874652560109375	-4.019736291781628	0
-4.86800304809484	-10.281973156519928	0
17.475158611202133	-27.09284192034193	0
-7.779988722616595	26.04342675273154	0
17.964842336615977	25.34107526146303	0
11.403997723579911	-18.977093856789203	0
28.08766400406953	-1.1309237722797794	0
15.824347638365996	18.86441008509934	0
4.449463107166578	18.662122055140618	0
6.911481114528774	-9.086891159280475	0
-24.922437698863167	-21.937311902042943	0
-16.667645711449065	-26.45891852219757	0
-21.62039325738628	21.8248406229465	0
1.8780178323857943	-17.13658648149927	0
28.95101914149944	-19.470892869175163	0
25.422781936981508	5.716477236328292	0
14.13193886130333	27.815425784236677	0
12.266665486576766	-26.66102586773399	0
-7.177774542785464	18.0676376486642	0
-1.8552919924595734	-5.374302887534195	0
-24.31499862508653	17.35915369720963	0
9.520404190924786	9.803023838075813	0
24.85339007584202	3.2360017518176143	0
18.330575553687037	12.187768642040307	0
5.4798163672915035	22.08620290019407	0
14.871988503324037	-2.6841566517348348	0
-19.07737441528584	-16.20868452351575	0
0.7750677167988296	18.13443432174102	0
5.085807946455505	13.695776368206253	0
-15.93179256161343	20.582496738979103	0
-3.2139127992187833	21.291643355416667	0
18.007396342741576	-14.031847214951807	0
-19.560475449415083	15.023356074018889	0
-0.25992996348846775	15.860134501938026	0
15.660740747289248	-23.580824268046364	0
6.623983777654536	24.41987825788663	0
-21.301809864015656	18.350585814645722	0
-9.88311067290274	5.83554588112883	0
-24.198707497207046	-29.224921823407797	0
5.804369676673393	24.36959009821372	0
-13.084102758897881	-26.261551842580243	0
23.079964537717405	-28.336745117964874	0
11.588855064826733	-12.747336118960252	0
-18.156714587826123	-19.316778154445057	0
-3.460011505964913	23.09317691113758	0
-12.803128943486291	-7.477278430794277	0
-11.556817428636352	26.434778579553235	0
6.878231831276917	-8.381654315623912	0
-10.918551005596127	1.9156204102901975	0
-0.19927405347383242	8.22970509131185	0
14.690323446961829	-22.393428916787478	0
-13.87390379859163	-0.311054399617976	0
20.595914266235756	-5.754068694307608	0
-22.400131857837707	-10.604420107072741	0
-6.528025474480166	-14.138363279119147	0
23.47212625484499	27.56633427543318	0
-8.662490217062215	-27.436885957149745	0
-19.84844700803607	25.771052472134297	0
26.027715033899494	21.494761168936332	0
-29.67277737462802	16.936215552827527	0
7.9763698499618645	22.105496688929968	0
18.864914449749417	18.57514351569818	0
13.857774764269799	-25.44528974498657	0
22.097785698645463	25.883876662268857	0
12.528667509889623	-21.538735143684825	0
15.012605456320472	20.859177501651992	0
25.628383499358737	-2.582825199997536	0
19.65467708464732	17.400737846675845	0
-9.88572587897288	-23.83312611858461	0
3.470401198584525	10.163130789436094	0
18.511234574105238	17.92686119831461	0
18.507413473115832	-29.589985812611854	0
24.837998486786294	-12.759553419476893	0
15.792477253364174	-15.364067699705362	0
-3.1444208556658437	19.170177417051164	0
-2.777820764858352	26.74414333366423	0
28.263840687093438	9.430988450282884	0
28.17762997028297	-24.433168549319195	0
10.345893878285683	27.594551592025027	0
5.253176466809439	-15.647191069616252	0
-14.891665788916551	-19.0179717290522	0
-26.632522744749533	26.08510943218635	0
27.16064266436254	-2.091937334948215	0
5.343865980061231	22.87264908682173	0
-4.430017556754715	13.439933256157719	0
3.7250182093600293	-27.673374741617593	0
10.095287235878835	1.8187772318415996	0
15.472266727249302	-13.75485038866898	0
-20.663798256717403	8.693863315792584	0
21.39035959535548	-15.637791273249846	0
-2.8327797448190872	-4.556320814366623	0
14.097841079458513	-7.420174058717961	0
1.6764621912145161	-24.115531696988207	0
8.202623741359766	9.485971913300022	0
13.645228595593238	-8.40696963685756	0
1.4346599150062223	-20.782719721285712	0
-16.482270820125002	9.630915930465278	0
-1.293407287957058	-4.563814887103826	0
-2.646535268547827	-16.423621827171118	0
8.137842639621162	-12.742726829182429	0
-3.7688014507654044	-25.55253165943037	0
24.737559847997716	-0.2757825910986611	0
-11.891205770004579	21.566776941925312	0
-27.44076237508904	-15.470594753728335	0
-7.530553598347787	28.162908312193828	0
-2.9714875669189778	-12.467897392201595	0
3.6663426312378644	-19.21185629934252	0
-13.06983258046148	18.742754647338508	0
23.068030869731654	-4.296253618548556	0
9.935189683124293	-1.8964186628291757	0
-10.635217287514989	-11.109384791839833	0
14.294254990010764	14.36916596525267	0
7.545977525293546	17.86363561997006	0
-13.989517672595035	-2.9252263567324155	0
-0.26258882075551826	8.38427501451529	0
-15.393972591355428	25.963097271705667	0
-14.352089845631873	-24.684891297080632	0
28.844311989298255	7.5395528360896495	0
-27.233683288292045	-16.971288530869984	0
-11.205493105430573	-0.001680535589054788	0
-8.73070402007578	25.52619540407157	0
25.084304379520198	20.151432290770952	0
12.639914169765394	-28.342267698232718	0
14.787266834096082	-18.286047190888528	0
-17.40019664778966	16.378575412149477	0
-2.8719018172628363	4.844926207130918	0
4.48121153703754	-5.384675795156316	0
-27.713769803486827	-10.853897407255065	0
16.794120857974303	-23.32464352984608	0
19.682264351036064	15.762270947168744	0
-11.158310955745689	19.80550592606548	0
-1.9006790659990025	-27.732127290595766	0
19.107253139022063	-27.8422135333346	0
-19.55318555278467	9.847044335511598	0
-19.09287032202871	-5.320667492218312	0
14.094204578817273	16.17558723066959	0
-17.854171931095912	-25.1123144704593	0
-15.459578053653393	26.661536225267042	0
11.823124348692627	-16.124101563443677	0
-23.049760523043275	16.04226476705344	0
16.354504974312036	-7.165697660760526	0
18.692778821112395	7.498111024136258	0
-9.79799394443292	3.790182264816442	0
-28.91577083326546	5.2216107020661955	0
24.441663735533727	-15.96532750685052	0
-9.719060340149465	-4.482479944943041	0
-12.892291445419444	-27.143355041458253	0
8.534679851354618	-20.38382159367225	0
-21.683246416820445	-4.620379050042372	0
4.438989280382684	-12.606242923394117	0
28.12077406016623	-10.549724878434375	0
6.713986682474971	-22.176165465732083	0
-17.140954360116677	2.3059364698271567	0
5.900534555126713	-12.079171606275718	0
-15.74360330113648	-20.426555711553437	0
-4.365070687737989	20.272918306308455	0
-22.635327775736858	17.265693294639433	0
-25.374875441600267	2.345027364523422	0
-29.86148394108251	20.531020341366222	0
1.167903472587275	-0.9721311864724314	0
16.303587998554562	12.28204381005122	0
13.512990923458531	0.513887849295267	0
9.616318045991196	11.364769368822872	0
-13.585075028506923	15.556579721146687	0
20.113053034134214	-20.227884021921255	0
4.85467406478973	-22.408798062736885	0
-21.412467565580066	-29.98221468604866	0
-2.081383765984728	-7.072586655671136	0
-10.457129068686314	21.3864833054893	0
-2.062847149999556	21.494854443766506	0
1.809146789750642	12.892580962357128	0
-15.003840295349702	3.926990615991317	0
-28.27734185480496	28.897475645116263	0
-15.552295674606444	-24.441943247087156	0
-17.00077770956929	1.4926746171611094	0
-0.41982769853973423	26.850662675427905	0
13.893843412371279	-10.214726260668298	0
18.25259672173917	2.987200298450743	0
27.88033832915713	-23.277127499976203	0
-27.9000929939169	21.209950040140665	0
-24.601373546502757	19.715664179524307	0
-24.32583698519673	-23.095148564640656	0
-6.823358608237973	0.4867522967113058	0
16.41308492339582	16.872500079777215	0
2.978267254349962	-24.690495767415705	0
22.129404907740824	-3.2004028826790254	0
26.828762462499952	-23.897883106062576	0
28.308889615009004	-18.689763647091514	0
-28.628291903989417	-21.26312474334483	0
-5.669770446926298	-16.6502104137134	0
1.0299250319891273	-2.5207614338190987	0
28.01582401665094	-0.9645820880411748	0
12.387827931441333	19.379303483008343	0
5.248494073153871	6.866098420352198	0
28.74628412258912	13.150102478450943	0
-28.747242256008803	-3.6163246928400827	0
13.675997312371933	27.222975749427324	0
-8.515633383836308	-20.2025317251449	0
-9.503031803207007	25.951667214991584	0
-11.615959503660964	-25.914439799761126	0
-14.233082140333712	20.3191553120687	0
-28.048885477975453	-11.058147620588095	0
22.641951941874346	-3.744530865844118	0
-11.723442014716756	1.7666831193406263	0
5.196559347641978	-24.430867731835146	0
16.984146861085133	-17.586717661705325	0
18.309647127181083	13.367002927652953	0
1.6992533303094226	-12.757557481249984	0
10.246879243216878	-5.007813219414016	0
21.326263717313722	-8.816864146608625	0
11.382142740550737	-29.68794351013844	0
-16.762755893851864	-25.898235359932162	0
-18.751828196563757	-8.272993594662395	0
-10.066807725728946	-15.184946718506643	0
-4.3453894522275816	-14.736904700660409	0
24.94335311630243	-2.87925165222628	0
27.53818666816604	-20.795564853787138	0
17.272819721766147	29.368130878608035	0
20.982103629959454	17.665015160821596	0
16.95769306728462	28.29640336771369	0
0.48602994702130253	5.283563998102299	0
-28.89431603120428	-11.790118698211993	0
-0.5953210209028281	5.9446911603203745	0
25.00296636706646	-27.811224378665862	0
29.966523547379214	16.749703631470823	0
19.324040242574643	28.961819882210357	0
-17.0729036296282	18.684990302089073	0
-28.04671347237256	8.323671401583665	0
23.51210375115018	-4.2916534109431925	0
-27.2100078961836	-11.091773640485211	0
-9.789107186910208	2.2369434290077495	0
24.037757065665502	9.9952725703881	0
-29.048485940103454	-15.64044462473051	0
-26.782266185892755	20.24110790908493	0
-21.13985739284429	-14.708464768867444	0
-23.681032352008224	-15.560600399874776	0
7.902726764817496	23.5312423259774	0
-2.0894920658309313	-4.534438418248492	0
5.270714574733217	11.448461225853308	0
2.0296996014061364	1.2275468452518457	0
-24.061544230405243	4.572084408615506	0
1.3135313557874517	13.575436217935405	0
-27.464678750196356	4.8963263353887925	0
-29.907887823930018	21.38418315410656	0
17.597304502984734	9.950830082510805	0
-27.707886626412975	0.3344896371452921	0
1.1239648587220352	19.8655956292065	0
-26.26235699471636	13.53094649871097	0
-29.081257755708844	-5.533055205855664	0
26.927879677271225	-8.941005638844025	0
19.168333245217074	17.81574111973691	0
10.039832107525598	5.660014396287131	0
26.50981563694405	27.491522989430507	0
-23.415589355231536	-10.88557328837426	0
-2.5833702699633854	-24.14720099208396	0
6.787258676704941	-12.742924016426135	0
11.075844919653415	18.75851112222964	0
26.72969429942094	25.3560925996102	0
-8.144690605742028	16.649932069722635	0
-6.115318777419474	5.49891147007936	0
26.263138101271444	-13.379489024835046	0
20.849791120526632	5.352159468927287	0
-22.514738651929925	-20.393057977229457	0
-6.934942769691023	28.468846670303922	0
22.69739239697763	-14.2019117211059	0
13.158572691730228	-16.656241296087195	0
-10.140777826393004	23.649605860472512	0
19.210523580440086	10.419609720601207	0
3.274423536689959	-17.669236427563533	0
5.5432165314722015	-6.205741965398777	0
7.010926746478172	-11.79036093703446	0
-9.125890828862344	-28.15235798125576	0
6.106042214763471	13.228445332933784	0
-22.5774357559768	8.54200723267541	0
-9.114352136292274	-3.120889695067288	0
-8.122400481056768	21.41273530032879	0
-0.0027893228210373877	5.230675885422373	0
-15.38622319793063	-21.26065463767396	0
23.542624443222955	14.691604601508166	0
-7.588307755853744	-29.921546150585364	0
22.361398590889124	27.89008601698591	0
-24.083303914748832	4.966583628842047	0
15.540190900725655	12.021534225309164	0
1.3288072706596599	-27.564782057096572	0
16.401408051394966	-15.586413817225788	0
-2.90740885046078	2.395423014966025	0
13.369946820591164	-7.219153168401187	0
-7.76230197676697	21.344759540298675	0
-8.618164952354086	26.214179292754615	0
-20.62421823224233	17.208910371336387	0
-4.880354934707148	-7.286443486707414	0
-3.4728107360918914	-12.055475302626208	0
5.049697411006395	-17.73898206087369	0
12.728175665883084	2.071395210229241	0
-2.6488852561402942	-25.219016637167464	0
-13.48513724297274	23.788793110568378	0
21.15133361631846	-26.11680370398703	0
23.4939117804131	-18.776744147584356	0
16.110007265377256	8.990993835018276	0
-13.542955829883743	-20.136290946954848	0
14.168100903178903	5.2904651262838325	0
-16.28159066510134	-23.657801531621494	0
-3.96492070562936	-9.890130325376575	0
-2.855796481717139	-26.948502030883308	0
8.673322851992417	-24.198266472557584	0
-5.888056251686267	-22.572996997610616	0
-6.28571300006471	-2.8388037761435903	0
27.87139482480063	13.437269045595388	0
-21.06779413359949	12.72967362424247	0
-7.773155523780117	16.451625893894573	0
8.840021856383535	29.202883547759125	0
14.661261829168977	-6.338200210119059	0
-4.19792744227	-14.829413857366749	0
-4.755409545055597	-14.823048212814227	0
-9.857908395555796	18.097063384914662	0
-23.848066586357845	25.229778949610754	0
-29.78625393586961	-27.957002152603135	0
-2.292629452782604	-0.39404681903985495	0
11.52226802054004	12.88903713448831	0
-21.987202008606292	4.940769262910467	0
-1.1946898567160935	6.351776858992475	0
-13.98135696844684	-21.564590390454107	0
22.691117511188093	13.213282347698879	0
12.951016417607505	9.058671385374371	0
-18.90191570212558	22.154418970017264	0
2.8499660582564967	23.917753779768994	0
-11.190287939250796	-12.855807564959495	0
26.41735171431263	-22.813725673569667	0
-21.242423300326497	17.841999136187134	0
9.121922629553165	13.432293749769261	0
14.613748297718338	28.85247000393138	0
17.64192375556214	-9.075638188756141	0
5.231980810301506	8.573662285520221	0
1.6993408557027556	9.378861616869905	0
8.959200213405547	3.5491529516795572	0
19.917193521549084	15.045353422234973	0
8.39924037312837	-6.8875240304688585	0
13.4297587084971	-14.484904845258963	0
-0.9167341632138948	-11.667788592300035	0
22.354337874721637	18.53399720207911	0
23.559623468413434	17.01823780324699	0
-28.999561246358212	-12.75480906292114	0
-16.907585334441272	9.392319528789578	0
20.456006231755662	9.888767908252902	0
17.92360980990675	20.80404085341842	0
4.936320717142985	-8.309166756995129	0
12.261049746724256	-16.15063735171052	0
-22.237842277714456	27.94350291880409	0
7.509435879608066	1.3287342178756245	0
-18.677813784385613	-1.816004517569152	0
19.000149489117742	6.933905139327166	0
8.083864063668877	-11.909729002429437	0
16.051450367536468	-16.431984215675854	0
8.469512130528132	-1.0042045917518694	0
-14.034543217456596	-29.61378911067111	0
-3.2247523695818603	10.224635010140803	0
0.9219695016895879	-5.726310214256072	0
15.626543835512914	-14.804784937950146	0
2.070937976867795	1.2480245937055412	0
-1.0775220338559177	28.066086171160148	0
-28.250960975164038	13.813240949272192	0
23.56301572763464	24.886647574627098	0
2.423679241049812	-17.8226437254084	0
21.783195985210487	-17.035936710336713	0
2.0267803656955796	17.325069547311667	0
20.1095928612538	15.27190647248543	0
-23.76286525615232	-26.630401022810336	0
16.55526932050408	3.2886310370290484	0
-20.936071491332587	26.264930677487786	0
20.90260413417373	1.7535341500990453	0
27.73015884003014	18.081911005658778	0
2.599053720343567	-9.872725332656175	0
15.338937753742194	-3.4009875720928684	0
-5.387867454538899	10.756171415166282	0
-16.8781214894814	-4.441948453624789	0
19.574837585409234	-3.8314066502738253	0
-14.09951919875111	23.562712020914677	0
-12.718947982779301	20.69899825570463	0
27.39759920171194	5.828194062933494	0
-14.107873846884297	-22.65941684709337	0
5.675696868151984	-6.358955266176953	0
6.0872319669373205	10.124513776655258	0
15.296180370009356	-19.483069836696618	0
-4.578175878770603	-22.315115070792842	0
-11.868996787518352	29.44279152501497	0
9.850934090816157	-27.52145869851282	0
17.330102345000398	16.449016597994998	0
-5.290230785230856	24.011051796974265	0
2.8706561988594936	-14.038086302230369	0
-21.51283071482396	-2.0525659807466035	0
13.9216655543057	1.7545821351607693	0
23.85142589056855	-17.851952063723743	0
24.827018217713455	27.732197760179815	0
19.66569848806755	21.295551601615145	0
-22.405664615388552	6.851232542920198	0
-14.876911093656366	22.944406990233254	0
-2.594369674920316	-3.9618080727073646	0
-6.7786729822343865	-0.401370726025001	0
-0.15510450902148643	-9.777867200865787	0
11.087159963404101	27.732226339231953	0
-28.19378916727691	-26.483032448581103	0
-4.899008035428656	21.679751580649935	0
-3.8035181590346467	-2.713500608346584	0
19.970208086820893	-14.989733999070465	0
-1.8138524782460141	8.803962083968589	0
22.714043332467085	-20.797640456514923	0
29.402142953538313	14.895228460120201	0
21.35045461801366	5.897721834750442	0
12.4378187843061	1.6318393156462374	0
-9.375631599086711	9.586594634478514	0
21.12410432598287	21.652230488909225	0
18.03248756504115	11.914220724955726	0
-11.736944573210815	8.880702752775827	0
-9.491257928139367	22.179665737484953	0
22.954362084476045	20.360615541437838	0
-15.942033903664125	19.50028985006861	0
-8.429884750185899	-14.163170523213182	0
-8.918567158638924	-17.657165742460183	0
-12.27150903663212	21.323165447188487	0
-16.052047136407	8.220084410782405	0
-25.546927770796326	-23.111871739949986	0
-4.706841549807967	9.963406549964375	0
-17.43336219141739	-4.471923058919646	0
7.324569704524341	-27.134614506851133	0
-21.342059613318177	13.886652843439617	0
-12.234463422784	1.229812381155897	0
13.928993658271349	17.14482069231331	0
-7.011435327526634	1.5841447174296186	0
26.153986829651853	-18.49047530894679	0
-13.001362144027066	-7.388792261288706	0
-25.159613148434858	19.21759710928918	0
19.75025394606696	-9.172755914247318	0
-17.29983026748256	3.506887901936575	0
6.318686341517477	-23.07038141821233	0
-11.09428329408149	24.21622826063468	0
-4.636601135039902	3.7870984354821746	0
16.39313157746072	6.552998602521612	0
29.846226167434178	13.276519400721936	0
-21.810243049620887	4.95338889220781	0
-17.960277787347312	-19.844558991259508	0
13.678795524370496	14.234500244974889	0
5.350343584307861	-1.4388362070925709	0
-23.9212053957057	-22.263687927965645	0
21.723980984542777	-22.887895984720373	0
29.134541038917042	23.253482762665914	0
2.995339472287344	-25.756646242192648	0
9.875444436707468	-14.98764342382155	0
26.123347492618453	4.327490420258579	0
28.031265112305597	-5.018726501918238	0
-10.944457793073889	24.25616189227558	0
-25.87435160250314	26.809020306181736	0
11.84642366495508	14.13628562966219	0
7.170188708087146	12.740657381127482	0
-24.312264280256965	28.629832974324547	0
23.62369736968981	13.33077320760071	0
25.13139447158086	-3.37645350951034	0
-17.808083819154522	-22.91017216937304	0
4.076458607601479	28.23571177325116	0
-7.787146065147539	0.16190801145793188	0
9.801052589356637	-16.07627198045399	0
11.47173035073767	-26.58012467253181	0
-7.8481998870974685	15.467348195208569	0
-9.895708388841989	-29.159239458965835	0
-6.2683689051055325	17.165042562515527	0
-27.844059887185374	-0.8978378914596763	0
16.062206809964145	27.74288422104555	0
-18.489988170314323	11.084492065095615	0
-18.562442757551324	-15.616018882705005	0
6.552348688974819	-10.923661381740978	0
-23.819514136052472	-16.74518910624328	0
-6.58491245390199	9.098416556338133	0
8.648018250895822	-7.4361279167061545	0
27.288122252582824	-1.8655164204763097	0
-20.021863911340425	17.37152149493702	0
-29.221873936947382	1.8960353522255313	0
-8.336148643626336	11.000644712473362	0
26.364573167597797	-1.2785702197717663	0
-23.277489396817618	6.81993529129125	0
7.158062633198458	14.855299580121986	0
-7.0452386156869995	-11.701145824657793	0
15.300575716209686	-21.369983391941464	0
-28.59997761111602	24.819179302831593	0
2.5987782151337213	24.57599218048758	0
-18.41456216742401	9.35068919545844	0
-8.238503868969847	-25.30309858688061	0
-21.206919875398384	0.11458749303510762	0
6.999930122568894	2.49692185049206	0
5.1496302174717945	5.372753652867015	0
-14.735493474397401	-6.59880068236806	0
-21.693634449911578	29.537798013819902	0
5.222998022985212	-12.209518310119119	0
-7.4181752287716884	4.196363873333622	0
-16.55389964498268	-16.874621813486275	0
22.501291691938576	-26.573953306128676	0
-16.66765091771284	-21.67539830099505	0
4.689510402169885	22.465646631421006	0
10.255147579198432	22.738026655276233	0
3.0934217571019484	-18.052030009143568	0
26.88784701854235	-7.96206648665194	0
19.005292284987664	-1.182439759059104	0
14.567077715769575	3.2183256533802607	0
-15.546750151414287	5.6465800488708595	0
12.68781351700774	23.847206157081416	0
-12.248088356595057	1.6814716461028878	0
1.8342939891519472	29.849764574513642	0
-2.6201382039141308	11.465166159763418	0
2.783389692238898	16.837409206566065	0
3.5573456305938067	19.831334436552964	0
4.695544542322643	2.8718537034341485	0
-8.915678323743052	-15.749501190150845	0
20.59552349156245	28.17264048594391	0
-24.624045509821478	15.986356357491694	0
10.078089258287196	-4.630708136005244	0
0.9795338354361083	4.803549333361663	0
1.8738143210574254	6.021642142411727	0
-19.976829267687815	15.155458751634397	0
-1.3422735694373022	15.692830249992	0
20.74014068609735	-11.244552044955915	0
-10.563152819168309	-26.225900080156002	0
10.972117251973813	8.242447617401282	0
8.619335316534116	-18.581289453526374	0
-29.241283399706045	13.333377362237588	0
9.669054541315598	13.685444044429378	0
-1.6228752444517691	-11.99091328327655	0
17.415879113536867	1.282523298336482	0
-8.394587838482526	23.140773342436816	0
-11.091910019666166	-25.221252283266484	0
-21.625249729177654	15.247814888223086	0
15.050292141854541	17.809634516327023	0
28.46572915298871	-2.600247352455991	0
-16.915140931241087	9.264421094709034	0
-24.584370275009377	26.20643006978945	0
29.64856767820349	-20.93181859782006	0
-21.449179013897282	-4.045223296608098	0
8.270735016646801	16.914368690243663	0
16.20311333754493	19.558561239637694	0
-20.204965737115344	-24.3086149449016	0
-0.4690547347851659	2.683436658768188	0
-27.02935810215771	19.72716085080598	0
6.888719503644931	-11.092070884544345	0
-18.26852056081607	-16.05586570003436	0
-27.59953037223329	18.98270369299271	0
16.26510622249139	-7.6374292461473186	0
29.26566576642184	25.59541974851857	0
-15.974990361600174	-29.42104330434651	0
-8.903555812864173	-9.810500054259446	0
-22.250772382572983	-23.17018227405191	0
4.484095113876434	-9.078411018116261	0
-5.606098484568783	-15.085551074954326	0
24.47442113209172	-29.256999079808914	0
-23.488713201942534	-26.39835687931629	0
4.370151593416445	-6.8382590844851325	0
-28.3213027054806	-7.3009015844474945	0
28.955044995611978	7.666642797718115	0
-25.72483669397946	0.8800701756118512	0
-23.661186558045518	13.043910800097258	0
15.961162412949463	29.30569183929022	0
-25.09659521349905	-10.060195155992597	0
26.913615042486402	28.77719926645762	0
20.148478691132933	28.817204304651362	0
-3.9771151073020383	-26.60384333090044	0
-16.834074184982327	9.399569403935207	0
-20.516983325342096	-18.665499829603522	0
20.193524885494757	-28.201106845107592	0
-14.380327749348968	21.369364518238363	0
-14.143534596205958	29.707962233328423	0
2.078710668980581	-3.030626271113668	0
20.44737857011365	21.92888466514245	0
22.065146393278834	-14.778246060285039	0
-24.492301863728088	14.22306688012204	0
-26.944500789354613	28.191686904158566	0
-29.278388973216742	-21.10637988904369	0
-20.348635907667486	-8.42080718209405	0
1.9533778442451566	27.913012202032416	0
-0.6772739921494275	15.255676378177093	0
-1.6965388153540673	-16.243600424515485	0
-10.402201331202615	-24.31734544571111	0
-27.73257020484621	-3.2052760438254846	0
-13.925366875301643	-29.43140407587567	0
29.09328961534959	-5.107253718057727	0
1.4180394404488306	-8.361876410228115	0
13.811614416818047	-12.285578452674413	0
7.544302049219271	0.11738625877023567	0
-17.73038489572874	27.509941897589883	0
-6.749645993357916	-15.600060466432854	0
8.37381297524744	2.227658027187227	0
-14.590358850857953	14.285452559139769	0
-2.874847372669229	-6.367601958503489	0
23.35427099579803	9.555299873452736	0
-8.19182161860175	19.062235885322632	0
-19.400475550997008	-22.65439163513248	0
1.0001914304238424	5.561389355629238	0
-16.218702119658573	25.238423847582688	0
-24.84964496650013	13.968985930825262	0
2.633101861440059	6.119508220765491	0
12.327083459525705	-28.68008763421483	0
-1.4441347834746554	-0.6653393179583778	0
-12.295215361585397	-23.462173656834338	0
13.26159458348975	13.74536555572397	0
-23.548720186550042	21.739087103769542	0
-26.482429941576623	-4.054232404785855	0
27.432305890219958	13.164309326036001	0
16.95142377511651	26.059959695668876	0
12.075575126935531	-11.872350844320806	0
25.049678704113656	-3.934902165708931	0
6.383609266422942	-21.60660521299644	0
21.070490084346357	17.40080279243507	0
27.80093507927045	25.757705748659735	0
2.7050073082637693	-0.9834294371409591	0
2.329309558868129	10.072902659808364	0
27.13210996084261	-24.54173746237554	0
23.50465069712184	-22.735334788185547	0
-19.453598892208383	-26.68313533446931	0
-13.386203071825014	7.636842278054894	0
-17.18517015711569	13.095062564875317	0
-8.85281891336242	4.763198266516573	0
8.536569690925912	-14.335540194042425	0
9.378223754950048	25.02774450438698	0
29.14923176776023	23.344315594868913	0
29.450855476287163	-1.7657884973146332	0
5.158895237056664	12.89629572177574	0
11.062951952033355	9.853358145686714	0
-20.56455877993978	-7.212286055457007	0
-5.130008274365714	23.337793312587877	0
-24.128748767754548	14.483128822971514	0
-22.883253929532952	-22.163809862295423	0
-25.880553794246634	-21.88889797775443	0
18.496630824557784	-14.999715728835765	0
-10.847248761465558	4.273599858594039	0
21.881768591056474	-19.700568695343286	0
17.524277449934036	28.1317643906788	0
19.88081499976445	-27.479486034521287	0
10.704720163031922	-29.988622928954605	0
8.584462089201011	26.90300371752954	0
-21.19724078596684	19.450968077867426	0
3.2669769670399673	28.059690322383844	0
-24.433276835691117	-14.062151713208852	0
-20.527058562247234	8.767737127828283	0
8.691737426041733	-23.857879199448043	0
1.0184934660155442	-14.35094052851195	0
25.367227112557597	-28.582820633736866	0
-29.43789207446313	2.112893892360832	0
-25.21734843351221	-18.031886905161844	0
-16.599070246677993	-8.538817058916484	0
27.527107010305084	-8.503568047318826	0
-5.486749671743192	16.24372494651326	0
16.803730845264887	-6.794625651146696	0
15.544388062247648	15.399113896463849	0
15.486408929063817	18.655122405271896	0
-11.35662188878122	19.340349313046342	0
-22.098961540586505	28.335107210543967	0
22.950164495925524	1.538541120525252	0
-25.307955378749757	2.946808868069679	0
-24.722293206351974	-2.8669867326815	0
-10.528867218099151	9.776987110970332	0
13.814517063687184	-22.39410470030498	0
-26.496011892495734	-27.458165298247103	0
-12.081306763074238	9.844654961671006	0
-11.320607984382944	1.9298160003375076	0
-4.949904578377211	-2.695524046215052	0
-2.429968782116807	-11.898861696243713	0
16.467624509678263	-28.743484226414598	0
27.31308436034543	20.67311049127651	0
-21.13721090545924	0.4434062475360623	0
-9.57705411406055	22.390053287627822	0
-28.58845768200874	-22.784348692008116	0
-17.95028989662801	22.821512188814086	0
4.928802741642569	-4.552334228200294	0
-5.318312643438119	17.216558790893014	0
-15.179957444427668	-24.24191905042172	0
15.049639447904454	-16.184023552503003	0
-26.949016177167074	16.916509343478225	0
7.5004978797569954	-23.302363462310606	0
7.716515316765776	13.494268039113152	0
-9.287888140599588	4.7630820239295835	0
9.843705277731058	-11.557239294117295	0
-25.95386631082223	-24.52181054769211	0
-12.24542306385336	21.154244806441607	0
-6.12317463106865	21.98374594683865	0
-23.630037093993206	-23.593855662446416	0
-18.33459648704171	-23.630759566625905	0
-9.690547923848612	-3.865845723463075	0
-4.574691806354371	17.98711294040314	0
15.34751083906124	-13.87339165762349	0
7.052309040065201	16.745052707578218	0
-6.400454015981025	11.6181014398337	0
3.8375609468755334	-14.135863306006144	0
-24.630768599669747	-21.85743813541983	0
-11.700724563130859	1.5746053960760165	0
18.42125098947011	-9.346182577607037	0
-0.40506348447603147	-19.520099710842537	0
28.090115844526927	5.5052632353228725	0
11.103424649330462	15.323370963415876	0
25.52327516620694	19.021578805224046	0
-27.564427276953968	4.965514896280432	0
-19.49663934209212	-0.9902602928021831	0
-16.03691215468771	-23.157943460154076	0
26.194693457013784	-15.97187611950938	0
-11.969279890176736	5.282286653561146	0
10.855769226794052	0.262204539252886	0
-13.625796941264339	27.970051156266866	0
27.514463326811125	15.17484108908544	0
-22.294966040786328	-26.801976207140545	0
4.321981757378643	15.221266548685865	0
27.0832143307039	13.249242627869062	0
21.806589490334716	-6.821921374293329	0
8.15399167483549	-29.543934818820023	0
6.782051855216333	8.690329156440972	0
25.509180035984617	10.751941459755702	0
12.907803026744578	7.203972103642588	0
-4.122670589516835	19.010085935381483	0
0.024713654240553495	-7.56124720592978	0
2.4905335630066294	20.482853140908063	0
-16.345041706907466	-21.107405435458467	0
-11.887280012820646	22.875787254059922	0
-2.930946656218252	12.679859012707787	0
7.141767820448095	1.8448018253665266	0
-7.328792223727046	-6.537202060232159	0
-16.743174661928382	-23.21370902380379	0
-10.181319492331342	8.223652211929478	0
-18.106669987022652	-5.617425277152481	0
-13.471705672939398	-17.439064703373496	0
-26.70904908992492	3.3859896052718685	0
14.764988888827183	14.329504428912081	0
-15.502343915716203	-7.247573289635492	0
29.0027049306123	22.696329676856013	0
5.839568168199865	12.85728547899015	0
-20.25648962132324	-20.234070222846427	0
27.479173810765364	29.32317980326711	0
6.375103926211121	16.34620826141909	0
-19.438938390969074	26.327912731543105	0
-27.65746687966145	10.046935252310076	0
14.07306922448059	6.4284090069607185	0
28.538296705785797	14.716544776275988	0
-18.072994118261164	-19.694754262539988	0
-4.188027016731278	-27.43231415987398	0
-20.420645807567073	12.525730179604926	0
9.465912083058543	24.996808735029795	0
6.9888035830719275	-7.580319319117612	0
1.5635287123980368	-22.059706472291744	0
23.138507556991886	-7.597342184514099	0
8.7345995960352	9.50850007083428	0
-8.730746757070072	-10.638198024569164	0
-20.5017351258789	-20.059063386128187	0
-29.95033266501538	-1.5843529031425674	0
-21.289567107983274	-21.855636090831798	0
28.417156171723793	16.443880073104438	0
20.353924918956213	-9.421869911174102	0
-10.483434196716498	-4.684258496474163	0
10.004044259947404	26.164735932721033	0
25.718357162927298	-24.1247272521856	0
26.01270509643424	-15.47922366687261	0
2.5014406458889016	22.466334064482208	0
-23.51432270585895	-18.760535567036086	0
23.09093128079965	11.088444983025278	0
16.374869602261427	4.910638921542079	0
-17.9201160299238	-3.9612955216698387	0
19.869766703330153	28.633356185776336	0
21.470802836424514	-24.395128809258978	0
-5.624578554066948	-11.081668396255928	0
9.117633272604044	27.292498207425187	0
-10.395430263607683	-0.3421387681924859	0
5.973826418981076	-13.051687519385577	0
26.330875248770013	-6.475774199338684	0
-7.050768354231323	18.008334929071268	0
17.36944259893271	-15.345587245817729	0
-19.693464596433586	7.416975952223166	0
-1.7695982975042979	25.898111635369947	0
-14.216339892162502	-11.774043948246412	0
-14.234045069114545	-19.689104575985567	0
22.200239708712704	2.8172080915375375	0
-28.17235271915913	22.395300036812014	0
-24.011591581562172	-11.659278493496831	0
10.154859203549123	-28.46215841484839	0
19.87330719736383	-27.885662601388862	0
3.624253352991793	29.513426898717295	0
-15.574755555553367	5.022185126826835	0
0.8587464703661984	7.287048089370003	0
-26.40754629153902	26.33884639471801	0
6.900067983692968	-7.2992948242566165	0
-9.722993665390538	-15.26639261027656	0
-7.951958926250462	22.56127281009657	0
10.659991796017126	21.74999877800773	0
20.35970155589207	-15.152819639135027	0
-14.480630331629596	-0.4777812857734043	0
-25.361858723827805	28.04693603585896	0
-7.834135002700502	-21.879887654835183	0
25.464497004414262	25.252517913048106	0
5.634964423201838	27.10273972082321	0
4.319660390411593	-27.22518202138309	0
-4.921235357780935	-0.7195354340059668	0
-9.329465878563132	8.741421904186005	0
-23.962530413650754	22.726826381665745	0
8.440973990964585	-19.78266815920509	0
18.973329649179423	-27.331669741094117	0
10.61684004112577	-29.830353121108093	0
2.53481626788705	4.000051582983238	0
-6.034655546893171	1.1054173173986892	0
-1.980246549384237	-17.441512161098036	0
26.251901924648745	-8.1628849190637	0
-13.317640581419528	-8.4434348207025	0
14.148491769311553	-13.940848662063154	0
9.679625249128632	-14.126172011553171	0
24.446133094060098	-16.94199423007427	0
-15.946547056658183	-15.629720206611207	0
-6.831959242141206	-6.883766767359867	0
18.722769105664373	-1.5887214039185604	0
3.9041251225541207	3.2661732144507027	0
-18.145016325803383	-22.657304614627726	0
24.279116711307843	23.715773216639388	0
5.190578023942145	-22.925776965237773	0
29.360467516235563	1.9426533965733062	0
27.144557700344436	-8.775495370708173	0
20.928553442684294	-24.61514231132242	0
-20.114232757454175	27.886954830614815	0
14.42350421240687	3.3924979413400402	0
-28.733331435075492	-3.6419815933275523	0
3.7579163068779597	22.557888910647744	0
-15.752764739488951	-21.309246161347698	0
29.894332497138155	-29.593016960802753	0
6.447956100456516	-1.9042310851175448	0
-0.03278486855580409	8.82210263077235	0
16.3029836940242	5.742373073561405	0
-13.168152445705354	6.6716252096310384	0
9.89901768789114	26.937492228604867	0
14.456823778412817	-8.450458463508486	0
