#Customer 1000
x	y	technician
13.858587014437257	-21.16587422218216	0
-12.9473207971668	13.98917668927785	0
-19.444121087691617	-2.157604917659084	0
17.72361821594746	20.82084065531869	0
-6.538543825723747	-12.922610054364608	0
7.244614085419671	-7.340203878536078	0
-5.063879859208697	20.098330314701624	0
-10.917562348586191	9.689495255651986	0
-16.779189805875365	-3.2759922516992726	0
-15.681878718782837	13.922779197783058	0
24.319333689627097	0.8891746019496605	0
-2.08300244511837	12.430060327228293	0
8.766004275596561	8.884598628681339	0
-22.607634682004456	15.94579476217416	0
13.621029126716428	0.8118368340118753	0
-6.050585789271406	7.186519352761117	0
7.431034669328279	-17.93901035770393	0
6.785998877602584	-9.69222554507917	0
10.574478787058606	19.09266303605339	0
-8.917012980940148	23.981986241312974	0
-4.659778857465241	5.06380044021994	0
12.389943501111677	-0.08679978774451258	0
15.914366038082456	-17.210037048121528	0
-24.80988182889955	-17.467732925980094	0
-16.45794969124929	-17.18824171045486	0
-20.613867128790087	-12.956395854545766	0
-9.783286564722737	7.000835061961508	0
8.07793593535775	10.089800977792878	0
20.286596086269242	17.024200042656762	0
14.796254957896021	-3.53646150442915	0
10.791011898835684	11.773963446828883	0
2.702562488405502	10.379941067227517	0
15.854776824023025	-0.7723379411795572	0
-5.468125777399802	-18.403717230576373	0
2.8153308543100994	-18.331163756468445	0
22.271541746383033	-0.8582309635670748	0
19.14784707488107	10.353375149237287	0
-12.679995990505882	-17.504354991632194	0
5.187377987417197	-21.68114148246548	0
21.494371949496166	-9.800804774726235	0
10.139487775571643	12.126179736978616	0
16.715982405000325	-22.370446409590823	0
2.310462748360104	7.575051872306276	0
-8.550008323797476	-11.204440997038184	0
21.703164266585883	13.563672428723628	0
-16.149359579952378	-9.971634596683465	0
-10.1529655840425	-2.319544187997491	0
4.906556318639432	-7.8463537562390995	0
-22.913109328059043	-13.321023076941414	0
7.877417943529053	0.971137388574389	0
22.20457853544937	-10.49199095371865	0
-13.465917433351205	-12.08642822181331	0
14.539896682557002	-19.62323871653076	0
23.85536709682429	-13.143874241111691	0
-1.4586655562006667	3.011524420333961	0
-6.140847252385956	7.026494161411207	0
4.883641139533573	-8.916564072760341	0
-17.975143119442833	23.81851574596368	0
12.064384566764819	-15.54884160132588	0
-17.9235553858347	1.5521359434982895	0
-17.295356215488027	12.159458955774676	0
9.111799989711027	-23.085004206877414	0
-12.187954218817637	-19.372530361437928	0
-2.17016234245323	-9.544264705349892	0
-6.99611579807426	-20.237154283726298	0
1.1820750299449623	9.592304624520947	0
-5.22124400630255	-4.9952203243049	0
23.545268263075485	4.838869355873449	0
13.28100548552285	-6.972797016640814	0
-21.370712138738167	8.559523151088861	0
-7.640396245657838	-2.440616519214145	0
7.679617030388269	7.798560993980008	0
-12.196289426689122	6.7522458629292625	0
1.756837877456885	-11.734498947147543	0
19.214215459308033	-16.36706674121802	0
-19.747744874823947	8.5429419635287	0
18.8120516058558	-23.189745032318708	0
-4.419939875920031	-24.09053008905107	0
-11.18656601142401	-14.799449229137851	0
-9.315236970537416	-8.801955687520651	0
-3.0346284486044817	-8.962328404774144	0
-9.310214191168797	6.018393921365117	0
-3.3997690992872975	-14.533994954923395	0
7.126431876949613	-1.4078715361874161	0
21.54897192720827	15.237346017695003	0
3.2935355590961004	-14.293093158438458	0
6.288785672877706	12.413173922175764	0
-0.9805583794293249	-7.17580327938292	0
11.724746802312296	23.57201271586736	0
4.710237326056399	6.2872637360184	0
13.645124093804206	7.1432423904078775	0
-22.938561013467574	18.16694927794896	0
11.678729824379758	20.041569535818315	0
7.8739491710354494	6.829799970153461	0
12.64962478729441	-2.097159744255533	0
-8.298085392041704	22.632311145819195	0
13.71248525833727	-8.23975100400965	0
23.97611724735257	-22.257133349164583	0
-2.705523313494024	14.388331180596225	0
-17.130466953828616	-21.938225096073964	0
-16.47762176739797	-24.20325168440988	0
13.435248714418197	10.456803825960066	0
-3.9614102816240893	-15.218952244014183	0
-6.207248307902069	8.379169418145738	0
-2.548607366596939	23.91037857810573	0
-10.407928403998568	-18.31236698302107	0
21.331403727916467	10.831743083850077	0
10.443697355670444	-23.158933763711993	0
19.715578382450115	-18.15051462687201	0
-20.37798154290965	5.835589252035723	0
20.469646452879136	4.543656545749392	0
-2.0038722484285287	-14.630908915823394	0
5.997199948232734	-6.240790290907578	0
3.114419760973952	7.148689921523877	0
-14.845043830247162	-7.427497356668522	0
-12.776013995869977	-12.869266502252124	0
12.392164210390948	-8.945500098493497	0
8.856236220222058	-15.217683738641218	0
5.4244266188941905	-22.12219217467061	0
-10.438811572406326	-8.092540087327949	0
-9.283136246574708	-19.127391710196996	0
-23.028490423959607	-20.639801671812986	0
-5.7713229784065625	16.852870291585198	0
-8.823562096878979	2.8357744298023957	0
-9.661232757351751	-5.504466854886914	0
-24.651597453545822	24.919739268391755	0
8.407474196827641	-22.61785213005389	0
-16.244196299741642	-8.804743740193189	0
-11.280596899127126	-14.792471844010668	0
16.639801577375877	-22.604113312988588	0
-17.859238781339275	-24.65679869239013	0
-14.05157478211621	14.595086313018585	0
1.7288400257156666	17.47821892815879	0
-20.28997847898652	-7.081952140829662	0
2.966515429990385	6.29567195168132	0
1.1576187472169153	-2.907317971458051	0
8.103113820106744	-17.782131354185225	0
-17.341660974364913	8.949145804861026	0
-22.997761502585085	14.602258429444138	0
-9.479789334314559	-14.106919811377916	0
7.149367530085576	24.495151822885724	0
-20.234807020303048	-9.343146521361362	0
14.235529136388253	-6.946910650738397	0
24.51939722779096	-0.3332330523342808	0
-15.674797420298253	-1.3757399928629288	0
8.952977655293504	-17.801590806953406	0
-14.884568534002412	-9.637895065651314	0
17.42827493812808	-15.065101763706872	0
-6.164199188437713	15.84622567736279	0
22.32631159717154	22.359680404179784	0
-5.739677684923572	23.25930931636226	0
-15.72587618879595	-9.80855813590053	0
23.753658671801897	13.495276362805281	0
-16.579174098820516	7.491807297717607	0
-6.529342795256094	5.661068557757498	0
-22.664400220694596	-5.075645177341038	0
23.69453018321969	-2.177811859428158	0
15.800533841032227	3.4393109722418047	0
-17.74235541111674	-7.697984764600624	0
-21.145609245363406	-13.301686734315881	0
-16.02682922707963	-11.579536864120044	0
-8.260705490064147	-24.157159527513233	0
-9.094268820993594	20.708744892537208	0
-11.223346744301537	7.3588800945926565	0
12.781465635249278	-14.429718304457445	0
22.974918434979447	-17.379813881405358	0
-18.150366176430072	-9.03992293025429	0
23.31147332308518	23.227200336428467	0
23.37075309535102	-7.24068842506726	0
-23.912820925959483	-20.382713471783525	0
24.796025629993974	18.530286776878384	0
-24.155132491467047	-8.407527012560589	0
-22.849467248832227	-13.663751614067715	0
16.774939681834493	8.902491700414872	0
-13.65813991384957	-16.457438605804953	0
-17.865253366573125	14.752769660826138	0
-12.797055157879683	-9.236933705675533	0
-24.750210610819458	-24.309029669909556	0
1.5201637238461574	15.7019747973192	0
-21.953136133333693	23.77953634143396	0
9.994707272616587	4.66835265626811	0
3.43466490931002	15.231932096032585	0
-8.2530874259933	14.96907984435002	0
23.177001805942783	9.97194301570638	0
-3.70287858818899	-23.70909844726429	0
17.2358321282308	6.121719438590889	0
2.1294760472036547	-5.497365268731697	0
-9.998730648323495	-0.6013950775816179	0
13.562899913207438	-22.945467582471156	0
11.49009268945686	5.8126284159504324	0
10.277170885971909	-3.897871437231953	0
-2.7071261109857025	-14.726821129858752	0
-20.639921560617893	-15.352276359674827	0
17.87241707800816	-20.12221201837906	0
-15.474063285077932	18.927887335590164	0
-21.513216138395347	4.799384476732305	0
15.030199859151129	22.619189065533035	0
-4.217828159850789	-4.2397271465275	0
13.578955675422232	10.449426640891424	0
-14.782840788219653	1.1304805667516293	0
5.113714131614794	-7.692436962625038	0
-15.26221402296838	13.985046166657494	0
19.402617958244438	-2.5102580465488247	0
-6.088279936049484	18.728646392338703	0
23.493724250288583	-13.268854700336846	0
24.670781690518023	-21.592729791518618	0
-15.842522881748922	-6.377609958114561	0
14.83718888103262	-4.161177838157071	0
18.18169429499261	-13.024798655860199	0
-21.792157348815334	17.66174744054334	0
-9.426956728532643	12.574453044917156	0
14.83726775459156	-6.393359023749862	0
5.886104668035213	-21.863182746959865	0
18.31683235876279	-2.1158000251783546	0
16.482521801033297	22.333153340379074	0
1.443648281944948	-5.144480448123135	0
20.109741590510893	-13.225357501526396	0
-14.758473724469317	8.175612510663976	0
-11.924168237756744	-14.620125427311093	0
-4.937653987337509	-8.125918164684192	0
-8.41888773677058	-5.907096047512178	0
-1.1009387965382866	-24.18895255186798	0
-21.383648107166298	15.059724724709273	0
-23.070089494586515	18.042947715561862	0
-12.542498508840822	4.160567955107192	0
-6.009840209618201	3.392231396543549	0
6.723088647840742	19.13041493643427	0
-15.504793551290474	6.969801118414748	0
12.261493711244903	21.840168901455453	0
10.00010557371912	12.521586989103312	0
1.2743148370313928	19.74808870159398	0
24.185700593520483	-4.708285705788412	0
-4.218123515483835	13.484050724243573	0
-17.697276875559385	2.4324173238558955	0
-16.209285591112938	-6.986669399977746	0
14.237369269329347	3.882749632548166	0
-6.946733502372421	-8.993368001273016	0
-24.834445768829227	-20.770956539404413	0
-0.3451569809152788	-11.937184353063412	0
-22.59092817500754	19.699225866321473	0
12.225319736048167	-17.405348618881323	0
11.879925519855394	-11.728157491146174	0
-21.033601145518666	-24.19868336391572	0
-4.441989381853589	14.335748039547536	0
8.513939831812644	-9.295725675004906	0
8.589419626057554	19.687881013095875	0
10.299671062812344	17.988798507535535	0
18.55617266985778	-2.1140087733692194	0
18.02805849916617	-24.154686921162337	0
-2.738275411900426	15.576005626581175	0
3.2832304585514227	11.555192405461062	0
-18.482845603952818	-17.35170922787467	0
-11.577746391907223	20.319234686916097	0
24.417056289948757	3.9640705197845296	0
-6.951683394976927	-4.8654043674251195	0
20.099741254131565	-4.57745036784703	0
-24.75979170892607	-18.434127267196498	0
20.337224791409497	-16.99690670620555	0
-0.1873876642243144	-4.148671256704789	0
13.159534088026648	5.946518176681176	0
-17.58959610654131	-2.929936839202557	0
10.668115830929603	24.91990786169377	0
-3.531094090093262	-4.255530041459204	0
8.256623056239437	-19.877412459233547	0
-24.681640170751983	-12.548071043740261	0
-8.870263817443414	5.131280357164342	0
-8.938321276945876	17.919750647432252	0
1.3971632151422386	9.82930070774793	0
-16.802749191156437	7.65649950455507	0
-0.11406872640615795	9.35084888188975	0
20.438404196616762	-1.488406732457065	0
-3.4402732614064013	4.036124564582083	0
-19.610177005268724	-21.076296748727753	0
-1.4920961793950582	23.11635494904314	0
7.242564169497529	23.640272505913046	0
9.90580370105419	-12.296411511392236	0
9.787794344905349	-2.98954550673452	0
19.18485723326574	-8.830186893690751	0
3.36922604270074	21.128429614413452	0
-1.4159915626309694	14.972829723511966	0
-23.959112587743547	-0.9226313245161877	0
-9.058857127408615	17.641274255484163	0
21.499728466262507	20.491733292760365	0
-0.9554622093970067	-19.356202900629206	0
-7.353883386369614	-8.149792011978258	0
-23.31674767077333	-10.30456718790192	0
24.97804281654668	-2.3652489975530933	0
20.899768770931754	-22.98110391483806	0
-19.182542116368207	11.851919971899406	0
-12.071334162839326	5.4707802673256705	0
3.87593865634851	-12.731929754116255	0
-16.48991633973696	-23.43201619919666	0
-24.040908798807394	-17.287246925947166	0
0.5019685389372308	4.366992483776894	0
23.737721788048265	-0.06290364913585367	0
23.36271580139378	-6.697416034571874	0
18.104506612690034	17.69280143149955	0
9.443595624214552	8.80490526263396	0
-13.239701526262838	-0.2167239119523212	0
-4.467480455667533	24.74280108450885	0
9.421920212465334	5.181860207508016	0
-4.429372123050113	-7.698953519851804	0
24.359603224391535	-17.01105514633472	0
17.939158544494454	-8.92588469505763	0
0.31759117619907795	-5.124235045382298	0
-14.357408211978113	-14.58966847386583	0
-2.9570901054576826	8.23312961755322	0
-8.339986201615417	-15.714950191283029	0
4.986192864892064	15.625092718426831	0
5.393522520475125	24.298058764689035	0
16.88375145769533	6.20689431720371	0
3.0551425691946243	-14.552464304843959	0
-21.702097453241276	17.62578659904335	0
5.024161434144025	-21.146499628882946	0
6.914175941649931	23.445892850602167	0
-22.851880351829678	-4.734897949514166	0
17.999860437261983	-2.5828331544080374	0
-11.14779280345594	-7.179016176767955	0
-9.037306321277189	8.874997307544803	0
10.727175139333395	-17.80909336941519	0
19.52172974848717	19.646465134031278	0
6.19708715816587	-18.973289730903552	0
14.72924366975803	3.0485768770662167	0
-21.092977945175427	6.352713766108869	0
10.80300126091866	3.218375794878625	0
-13.363463895197237	-23.601852142767388	0
14.31367616131573	-23.020882769868063	0
-5.405469516921063	-3.176025610361033	0
19.58405880432513	14.294893012775523	0
19.46529552604585	-18.05106639211446	0
8.35560590560439	-20.447537350020895	0
20.13027808346845	-0.2053460674002472	0
5.1179148729140085	9.632818494213119	0
-12.809017811367973	-19.631727248995833	0
19.1746443195908	-21.598488004909495	0
10.498792908614629	-0.9629684344365397	0
-22.127367340306424	0.6519318907153404	0
3.384564245917515	21.092874659503124	0
-11.871721295680143	9.68778247446317	0
-22.554170479842593	19.114487862369018	0
-9.760850088247548	-23.201123702995087	0
15.57121508165647	-18.521047833338177	0
-18.822672576225063	-14.653870575998113	0
-23.256630931471854	-7.153661662066135	0
-8.651002574769445	-18.545070832609856	0
13.176604660296743	6.058227591062165	0
23.292495817154357	-22.459693303316037	0
23.089718963995427	-11.829878662436455	0
-5.792508717189671	-6.082253420706429	0
9.407369947200838	-22.462187676756717	0
-11.179874574696496	16.25502158808129	0
-20.247711994574964	-24.700589225484997	0
3.667589070788979	11.94737565803452	0
16.078706264886044	-9.77378507180397	0
-20.83207239927719	-8.217865228509114	0
-17.95509419189435	5.174326666340629	0
16.804889274620965	-3.745331351545139	0
24.363841160336534	12.044057031900069	0
5.8342004371416785	19.33815903553613	0
-5.5187643038243195	-7.3203706891930125	0
22.937864050317636	-7.0207678855401525	0
4.746546373141259	10.803245935144629	0
-17.821290743684592	-0.22262405915238204	0
18.36670889292027	15.822326212021737	0
22.922218088358925	-13.39458997395926	0
-16.996916557977887	23.407201242948837	0
-14.271270669827985	7.801109985146937	0
-14.399366850112493	14.086708166532524	0
-16.947675695967657	-23.328113021945573	0
9.196593290727689	4.997129430214519	0
16.562357780456566	-23.409984299365288	0
14.811439840022238	-0.2765532518343994	0
12.783060267246277	-7.492456964428201	0
7.127177562799991	24.1539386111275	0
-23.444493972756504	-19.85455615738978	0
-8.927061082958932	7.806222102242205	0
18.64164135744455	-23.959541521568706	0
4.78348991962717	-20.93777119239143	0
-1.4844391718906114	13.178240012252967	0
-0.1484193510738252	7.287953045427853	0
-0.23741863993711476	11.616943834553734	0
22.180641850833027	4.757240506907934	0
-23.571564434812114	-18.136624918942378	0
19.460880400424774	-18.718976131578152	0
8.917092091300605	-11.452135883624958	0
-0.7305165968212235	-10.66209903276687	0
-19.770899109354744	-17.086696744679102	0
23.660661522431443	23.243271892227433	0
-18.482900574667934	-7.3759560489812745	0
8.741134231728248	6.790925892908501	0
-22.004973531465023	-7.71495999463439	0
13.924700186560985	20.17980846282381	0
19.081530683224585	-18.49405644435418	0
-15.455083313974994	-5.846093180954609	0
9.191103144480639	-1.805900248593073	0
3.0560735421393925	-3.920093621069176	0
-0.6138677567714579	-24.98159179170279	0
4.2683446462212675	-8.400756868953717	0
20.771094767676917	5.444402078933286	0
14.594576098481681	-12.693689065351965	0
-18.707570285708286	14.877075985850919	0
9.219840490029691	-16.606834250942104	0
-20.587616139021897	-12.81356875465472	0
-7.84005868824339	0.9514714180133832	0
16.34869021765595	0.026494028441498285	0
-10.90602337017525	-4.2627318272828285	0
-1.8548932913853788	7.7971032378338965	0
16.40250157196947	17.756684054043383	0
-6.168498387070908	20.452805966143906	0
15.643199939974561	-20.875311777840704	0
-1.6516468249081262	18.535848066220566	0
-15.155593949734126	21.247592179678005	0
7.194927975272386	-21.526535891595028	0
-13.951559640308664	-4.949910249187689	0
14.661127449128092	10.819462238471889	0
-14.57591491228935	-2.5506353827088435	0
16.757166100319033	19.89091817960698	0
13.479989147447819	11.993470080919955	0
12.95614055590582	-0.14971876830072173	0
-2.5220145987517206	-12.845184996207154	0
-15.573720639812077	5.253522148640577	0
-2.5479493415002272	18.01602240006063	0
3.9199991161015078	2.436889344187654	0
-9.478791285080773	9.884020999848724	0
-8.93054673735606	-19.008501778156216	0
-13.401662522483432	8.552622236679147	0
-1.8401767787315393	-19.56245074152307	0
24.546674260764494	-22.164215723694543	0
2.040241897940809	3.0868842220650725	0
15.031823088210317	11.270038883393829	0
-23.610713239038645	24.4037258733736	0
23.189090010399838	-6.5558124573160015	0
3.427409430630063	-24.54186855138076	0
21.654791568268905	12.394507390295322	0
-1.2163087236309322	-5.322866777979119	0
12.642918805278903	2.536011502524871	0
0.1662199208453674	-12.566500324545625	0
6.13430246531716	-8.205724910340335	0
4.544748326534165	8.341555108020932	0
3.417202161782096	-24.712188002100753	0
-20.38428368499268	-8.668783751899767	0
-1.577584309217328	7.828100361758011	0
-4.126504479007254	-7.37480657729766	0
12.017672387100802	18.71905182177243	0
-22.828730263065246	2.2241570121121548	0
-10.99542389944787	-8.481433966681646	0
-2.028810095185707	-5.965985824160991	0
-17.447751477221384	20.887348196312637	0
4.130951781643616	-0.1664543577253541	0
12.382012291035165	-8.08576737283288	0
10.422675741406989	-15.991395677154967	0
-13.198894303362946	1.6916680050982624	0
-17.81206319171394	-0.8900103886044841	0
-6.1574272796221905	-7.367727433012999	0
11.777518708179658	10.027946099552127	0
19.785868891084775	6.112861886769938	0
16.11150399489101	12.273881405724435	0
19.16300926615508	15.467717446380153	0
-10.63201293360667	-20.008042176375078	0
-7.423827981196523	22.638857815319575	0
19.26504423104597	23.107996606737615	0
-9.900598042150294	16.215544907717028	0
-18.12520492523455	-6.005862245156745	0
22.94975827581621	-1.290645939987295	0
-9.427130897478408	17.810688300142434	0
-10.399905577858071	13.828730843569714	0
20.34700459094068	8.386313249779098	0
-8.439221356840626	5.626775832716668	0
-20.48521205730574	-18.278065476592474	0
-11.526011654864977	12.397226926980554	0
-13.955768241799849	-10.625534853200136	0
12.007245312751186	9.028009220926064	0
2.1063418775124187	-15.947362635333645	0
19.98260706501489	-20.688093004850945	0
22.878070317560546	22.265354740969013	0
2.259145259974499	6.294072462145822	0
23.719393378893045	-5.538552117250662	0
-15.398827108941237	-24.954201205018784	0
-12.965232328118825	7.760113193797507	0
2.8504995408527636	-2.7328350805654713	0
-12.186496543633535	-24.91543074732872	0
-22.64669442199503	-13.176969454640409	0
-19.278084586680666	20.206119189635203	0
-8.006582035325216	-1.6220107731719113	0
-17.51107406218076	-4.75048357063772	0
-11.243547294237949	-6.9371429375257865	0
-3.35009056599434	5.861618221345005	0
6.931313443940413	4.26261742841621	0
4.201350213437033	-7.305892267209391	0
-12.182636460489244	15.730170269536176	0
-4.544261712377678	8.4245855302451	0
15.52999503582636	1.6876486207087205	0
23.058275394476514	-24.30547472292289	0
-20.97852321488025	-20.12989883963684	0
16.58693780051832	0.08733055965819414	0
-24.893495197317613	-3.805324167605556	0
-11.133082548145978	-14.488747953564356	0
17.251745638371123	-4.357290724522233	0
-13.704146476256629	-15.040599165016566	0
-9.948618364130374	-18.568739060443125	0
23.9165422778703	18.969600528845305	0
20.771071449428195	12.379156630517935	0
-2.207250510271841	10.713751097371249	0
11.079988234723576	3.1073873541538344	0
-22.883699049681322	4.423994818325749	0
24.854187703675834	19.72897742552086	0
15.861104922276702	-11.032095566139716	0
-24.74489750622919	-6.539379842640725	0
0.43672519099787754	14.98208799206121	0
-12.756666244997799	-24.06028184372625	0
-5.618663956403392	13.341188908270652	0
-22.588090159862585	12.541876914069727	0
-16.50902224866894	0.8991940229460593	0
4.2002000875996925	-23.750001164068323	0
-14.735609850009801	10.62826219748837	0
-1.6794575684123958	18.610255325903896	0
10.06746094327654	4.598044741970769	0
-5.278272567926362	-13.929883279641297	0
22.48272766972451	-22.94210739497922	0
20.376754624757858	-0.7946009423651923	0
15.61487149388498	12.117273004330526	0
8.763764801029255	-11.461104181189269	0
-18.998384765401216	4.199313076731909	0
-11.434347270363283	-18.320681330857365	0
-1.9736000405500997	5.214070796897385	0
11.284141399429032	-21.21647591785289	0
-12.313887088781167	-22.31932751031164	0
10.35005860704551	0.3627770841203193	0
20.702179405104694	12.262367063071434	0
18.378948884246434	-14.230235174473693	0
5.748231868372683	-8.045538222873144	0
-5.581681944201944	13.139125935967739	0
17.210342773069243	10.60125080359257	0
-17.841959233920917	7.003272964414431	0
8.594247889772044	-5.17455666761485	0
18.1780057334512	-13.309524155357039	0
14.39238112986957	4.98568195491162	0
2.4258574306512957	24.460654116102177	0
9.060891650148072	-17.205256139189213	0
-1.2018727432124954	-7.294747034521465	0
7.016732698431216	20.50211379806039	0
2.4209879210852603	-7.921129841697994	0
-0.47583385587549043	-13.512579725372053	0
20.471475872455898	-10.430029213866392	0
14.236524814027357	-23.276056098390946	0
6.973230023708315	18.592137502159446	0
-0.4868883815005831	-0.13547152741237856	0
2.2225561861331733	-22.535780060077936	0
-19.900928536618558	-11.496432865316287	0
19.765171520083257	8.90688752793264	0
0.9172460854943554	-22.2690778256207	0
-3.6620473386716537	-17.21319026307851	0
23.684726145006756	21.005404212450518	0
22.554781762039376	-5.724924619583188	0
-24.462450268374536	3.4053605811738996	0
8.741184341608331	-17.117658216458754	0
22.081538802551993	23.5307843162797	0
-16.467593794491364	-21.9164478113013	0
-20.710400618409107	-24.09638800088329	0
12.53488801500363	-0.8808963731457564	0
1.56786692833214	7.555337182652583	0
11.948145010863959	-10.27376207719985	0
-20.28495168498357	-15.188483543798725	0
5.78831711453664	-22.597202088552333	0
7.597032772957673	0.1503853032964464	0
3.6523421998401586	-6.001707055820455	0
10.151343021996983	24.056296430708894	0
18.283591441711444	1.384875805912117	0
-7.81489078401037	-8.1478340470927	0
13.607129493465298	-14.499771283463842	0
22.464261105536938	-6.343056825224486	0
4.566374369054705	-11.666864991102448	0
-21.484608689051004	-16.233222654639224	0
19.64302418942777	10.579090361988314	0
16.2493320457966	-0.8824445009920578	0
3.229890985855505	-24.882870935851265	0
10.455984389527773	14.43977816478203	0
-5.945559285628976	-13.342365370767606	0
-20.8951287536324	-10.734310299040873	0
-23.320712087294236	-5.675479829286051	0
-6.430832474175285	8.441642352799523	0
-0.3864140335116284	-0.9259771839714936	0
2.341488937561853	10.649821321369163	0
-12.624545505177082	21.80680100661662	0
-15.139546578461166	16.09992665221614	0
6.739672787556233	-22.262354092855315	0
-21.27169101956763	-16.838291674175533	0
21.594023829017345	-2.542886966503244	0
12.70109193926206	8.111799778859725	0
-3.1149062574302278	4.953380389784817	0
-2.9594621229646845	13.13664326622987	0
7.60078275635176	20.430935761248843	0
9.36201741118164	2.460220323342477	0
-7.864290872913698	-20.074383276086643	0
-8.656700523524469	-0.08397240439012021	0
13.828444925972033	14.394632895935299	0
4.915433018912784	-19.554465423233165	0
22.96819373459854	15.218264821706573	0
15.604671843090301	-17.543468705452213	0
-8.365079908829404	-21.934675183419717	0
-16.468943835784206	9.473353401388495	0
16.694627519926854	-17.820802479717063	0
-4.077893288919604	-22.787034780166675	0
8.260143316086655	16.982571845126117	0
-15.64443505606335	11.873140122143788	0
13.583815390097293	-2.5283669292233633	0
-24.539118865937432	-5.170561363554799	0
10.84791950140011	-11.310455731843694	0
5.105220804705057	-8.689104241394501	0
-6.539012417318246	-23.800467842641027	0
13.529716364280702	-0.33603430236646137	0
11.689460593615946	-6.653766810052197	0
8.28441765557431	24.147610203189927	0
-11.183562786510592	20.24387924558772	0
-8.44655356551039	-5.385439097357242	0
18.327107906685747	13.518011803574298	0
-19.243776218587417	-17.293562467332013	0
22.132888613745077	22.82703235812639	0
-4.42133517855976	-21.507050818037087	0
11.738285622723254	-22.707418669891716	0
15.228879827685414	-22.41433227908495	0
-3.692969770425758	-5.389456686042865	0
-0.2615661238742073	-8.893312576988238	0
7.770153800878216	-22.188579697274463	0
9.290446722040175	6.170624882482917	0
-11.873992306726223	-19.024601208702236	0
-3.5751350094606615	-12.598431503404667	0
-21.329037071269987	-4.115402588880007	0
-21.72074359624359	-2.0657328547327714	0
-10.638235430575188	18.21523964131289	0
12.480517260786495	-21.538717257159856	0
12.493912225219649	-2.356769159231237	0
-15.444290960592266	-1.927467496385843	0
15.095655379605406	-22.871331557935328	0
-14.373981719579321	-11.35461087475733	0
-10.489368178097852	-24.474369649842988	0
-23.81512075834128	7.7922272491872615	0
10.75151050103616	-14.333508441103577	0
15.111339487458702	8.515155294476806	0
22.73624661038608	-19.781618971346916	0
12.17157979407068	19.58353315498305	0
-8.498271418119252	-16.349564470927618	0
-17.9737091897941	16.089946303327547	0
13.068367521257429	-4.146861913304411	0
8.320134438890609	1.5951818793148442	0
-19.937295589543474	20.751408876251027	0
19.08121768846162	8.195394052986549	0
19.715326647731573	-12.632549545112292	0
-21.97794750942277	6.469361425321562	0
8.7354811526955	15.19783597276409	0
21.244820379117275	1.4087170457432074	0
19.974061468708737	-1.0348885093783455	0
18.989811008769443	-4.240132034528815	0
-21.210000317832428	7.485292726923632	0
-6.235976032996049	-20.299105446640763	0
-14.955494125140934	12.396288143907308	0
21.65575504524965	-0.8884283558869	0
-13.519574315929944	-22.75967139207078	0
-16.89343506466921	5.423994486580231	0
1.6894424761654203	14.57006765475386	0
-11.638623639756645	-23.893143926946554	0
10.638393976609011	-18.6625589989099	0
11.911788060520879	6.57744813549685	0
15.612977315381361	-14.61458347343873	0
1.309407392842482	-9.30541880867306	0
21.095582296510234	-7.46156815404635	0
-9.322948366800299	-10.090814202726827	0
-13.685061787652586	4.654475506763539	0
-5.585840652639562	-14.258335854932646	0
-22.33987322611223	20.278214151870838	0
1.3529171657972627	-4.566509369499583	0
6.253737091234102	-11.51605079936633	0
-0.260289990179291	-3.991055667702248	0
-1.6030570567097835	-17.994866591125884	0
21.691627290367073	-12.292054864828412	0
7.81239096679947	-23.783792119957916	0
-23.043785910541043	-20.93981187811958	0
-6.250138057855626	-18.86729154594085	0
-15.42409719283211	9.041365900179322	0
-8.460620300877025	9.448993825691442	0
15.897692482643045	15.951515873271916	0
21.48629967077899	-2.3196536593598216	0
13.02110368132231	-1.6092067708636637	0
-24.469767060929197	-0.012642977602245198	0
23.34492944306122	-9.16344261650812	0
1.9738253164398256	-24.604027112731764	0
-13.35340193295771	20.835954391873734	0
16.258703063166386	-3.5565495845631068	0
-24.834862328075317	-20.718287067860174	0
-10.981884799549462	-6.246632757706094	0
9.114293548979912	6.085741542475098	0
4.164222458059852	24.00142456746431	0
13.548553132441372	12.502707656136957	0
-3.238398737925341	-9.939079120559141	0
17.39845663241789	-24.530881599495437	0
-2.1581211270278566	22.82995187759902	0
14.507009501303797	-24.570555224410505	0
20.449094126793995	8.32183487861468	0
12.005490346345294	-19.915527978824088	0
-11.295598957219266	24.488930680777937	0
-15.4028323862467	-6.731960697151035	0
-18.557608533861085	-10.351232433079677	0
4.869799921499013	4.475038774281548	0
-3.6340061049089156	-4.159204646412934	0
-13.634480235955838	-14.942588908287357	0
16.819328953205282	-12.493968252999899	0
-1.0815301355028284	17.341904351391253	0
-20.535530653566553	22.019855021445267	0
16.908554550079728	-7.33923240254915	0
-8.932529193654426	-2.239209145478871	0
-24.280357224205506	-19.4785508077276	0
8.234135221649574	24.012400317523923	0
12.63354907321027	-23.790566779805573	0
-1.5946857047903829	-24.307708892815942	0
-5.262818295724586	14.398874760284091	0
-17.855819261301225	14.273038414361405	0
-6.096824546585805	20.091192754586274	0
-18.808460556860705	13.545375300889223	0
-14.369319502508372	-0.8693127906310605	0
-11.99436000285068	-12.492741439155663	0
-0.9919945642817674	17.35851298953462	0
16.81857980697326	5.2837450800902355	0
7.7231279027786925	-3.586497005085426	0
-14.470481091798144	-3.215082112383927	0
12.4016067302872	19.24634878679067	0
7.9422686003314595	-6.561170380520282	0
-6.872512653173802	-0.5978265424914475	0
-9.174436669517238	-8.978773771689886	0
-16.385089340260894	8.348789730859213	0
20.745333310628585	17.346616714318902	0
8.9834354037101	-24.583699557885712	0
-3.300313570806085	11.342591690023957	0
13.888054108858523	-3.620944084279504	0
20.621200818746328	-3.121922198593091	0
-19.51749102826245	-8.232485423151243	0
24.692488142774916	-0.47497954559949096	0
-8.8030056953333	10.713267642120666	0
-0.5843388663085813	-4.636106719450667	0
-24.0450538038706	-19.650553351983774	0
17.33471402495846	1.5226330058148996	0
3.8158951761347923	15.313443253880449	0
-24.450920483500273	24.461002067267508	0
-9.949101874407068	24.056681407817425	0
9.81844735362915	-9.9112109295799	0
-10.288708666531065	-12.897886564871126	0
1.0879694948019047	5.328120873674402	0
-10.358378856707539	3.1476518970693093	0
-2.4229852881673675	20.67609567926654	0
11.03813508702825	-15.772220497015981	0
-7.392472343299766	-18.347629081766463	0
0.6060755282803587	13.836744498452102	0
-3.2614716339785743	-15.737418878526244	0
22.832525172735846	-18.34513399404245	0
9.707475397288428	24.28595594791784	0
-5.111474894956175	5.186321972486313	0
-1.8792734223367413	-13.319917086078448	0
-21.524952431832457	7.544725138805014	0
-4.0438502727280055	-16.09697635465312	0
-1.592645257584424	-15.211735562444028	0
-9.560702037509289	-18.211975905091453	0
-0.8143953916782187	11.62501097234353	0
-4.5579180702239155	19.5714204247249	0
23.69715947873024	-5.73155816684951	0
-13.873229816575893	-13.456601458538609	0
6.740787557453776	23.31333703889214	0
-4.910636780627387	-9.776404199389855	0
-16.528314646064153	3.4047844580038014	0
2.9796999775102693	-10.541132464381404	0
-13.70594652196559	1.5711011236591355	0
22.37678913922973	1.904614184399639	0
10.378392126374031	9.651292473501078	0
-1.2217215308611251	5.589954104695055	0
-14.8538644304392	-3.878858468257429	0
-11.964523730090976	20.38449009717435	0
-4.969002136513446	5.2797550670690025	0
5.075021012117842	12.031544927459098	0
14.300296792737022	5.375232897790461	0
17.921746377319742	-16.720252499231147	0
24.16324515688921	6.1106012161221965	0
19.407989642803592	8.647628009420394	0
-23.047302146067654	-20.559135371876962	0
19.17686175565073	9.550484494863948	0
14.069583186557994	-21.62337832720927	0
-18.874798608468247	2.9115911983029488	0
-4.830597198633391	23.682991735555113	0
18.35841255945669	-8.998647585607328	0
-18.471434591352697	-11.146718231498042	0
-15.199753778279817	10.90407784993564	0
-9.26645886815653	3.2080602368306623	0
20.988504912613188	-12.950996944729598	0
-11.465621086624205	-14.952676496316847	0
-9.807792989839642	15.10791766362548	0
22.49073364622018	9.680801420223089	0
-8.094050742843706	-16.505833477425707	0
-16.26678471027449	-18.05111847469101	0
-22.377150812214232	10.490175831337284	0
15.964839054487118	-10.045442147518541	0
-6.231624868275926	0.5033687078335847	0
12.620821679586713	-14.479900701319941	0
7.291058102188669	22.18987814805024	0
-23.999167049651284	5.970041837797613	0
16.393748167178273	24.5309796248432	0
15.461190400165142	-20.667397570092938	0
-6.656602858484701	19.06713986111747	0
-14.33937126561135	13.986858367980586	0
-18.30958588988724	-11.614640037993812	0
-17.088431499963413	2.3394298578024273	0
23.065483410099862	-10.050809090713086	0
-1.1482747271739757	9.181236505802614	0
1.0645209885789486	15.926880400524457	0
4.727879425887371	-12.770622262862364	0
-14.924661168791642	11.229816860239994	0
-18.335434224079172	18.04470991876502	0
-2.2429884478674444	-7.66351742175006	0
14.849860297117996	7.926567026580128	0
7.120352751221748	1.755621840614019	0
-15.612222639195272	24.99071259218393	0
-16.04990126306699	-7.279649068879252	0
-4.247838388249031	-20.549928695252017	0
-22.26516314803451	0.5985601487446868	0
5.599940121709334	22.88264004911663	0
-13.168336453430973	-3.4253746068686253	0
-14.186086694159277	6.538297409020721	0
11.567366501802223	21.54945044585745	0
-10.38776486738781	2.9966550841567905	0
-12.868698772978288	-15.637307614336054	0
24.79747901684123	-7.675428189415928	0
-8.389243650495276	6.318066321273391	0
-5.280094018481463	3.465619571453277	0
-14.516122665397113	-2.851859909447496	0
-17.85679673191563	-13.652323116863485	0
21.16589372245974	7.696749965433536	0
8.563455283646498	24.806379096170616	0
-1.1348936879329086	-5.944050613704604	0
14.834746389065051	2.6780523365477205	0
16.415262073661534	-13.549920880632216	0
5.977762959989407	2.50056929783295	0
-13.47053849112716	-4.997458423474205	0
-1.3565776997050916	-14.734339180005401	0
14.88430690032046	-24.58062622395326	0
-14.494665536323215	-6.089741561736995	0
-11.058775695898792	-13.991327501441992	0
21.22175588927135	-6.646061618235876	0
24.178182436291728	-15.541925843879156	0
10.586634508985892	23.02492345666965	0
21.399207407106914	-3.6928003824872437	0
-24.32899639461688	6.5270363972361185	0
-17.835973806439505	16.92553347691974	0
-3.056427036719972	-0.828237655141123	0
-8.817998896603301	-22.10670046256476	0
17.315029072635063	-2.979334928975186	0
-15.929529495455313	5.863972951885454	0
19.114013560578396	7.314587016596646	0
4.276168060454549	-19.549902981121136	0
-9.180917694752083	-5.672226052720153	0
-9.198109851881553	24.811937135137747	0
17.154117953429143	-6.039574313842161	0
18.653008591789717	0.2776928006572865	0
-18.816799319581847	-4.457606495835903	0
4.306397388701838	-12.53335562356907	0
8.529094748486077	21.654307930630683	0
-0.6081455234251132	-23.62520282899717	0
5.260539064533121	-0.7641719100409894	0
-9.028958900592492	6.980019515022512	0
2.078492397140624	16.681619464902266	0
-10.420287271133777	3.826201142638619	0
10.417537918992592	-23.97748955227898	0
11.94048905151205	-18.33818289578823	0
-19.55923670931352	20.842726262676358	0
5.837120450929051	-23.419890909844494	0
8.605773870647631	-4.722298388989598	0
-6.72353259523174	17.452417968069323	0
10.17622460487882	-8.284332579706794	0
-8.80420670915819	-12.829592247045602	0
-13.924891604330492	-24.168662048102718	0
-21.70760026492824	5.8799361131580685	0
-22.43046519297674	6.477589646633558	0
21.81515723492076	19.64105414530032	0
3.938181194521534	24.412675110132298	0
16.168586788135297	11.04433276009345	0
-14.682328874102806	8.77372581842834	0
-1.9106185240030882	18.065296283847417	0
8.491525125739614	21.385664063204928	0
14.95578803186497	9.147494709727482	0
-20.94085709752957	-24.569995183208405	0
-21.879178176619344	3.9054125090335012	0
-3.126063351742703	15.21128011738524	0
-6.487977356037655	7.92222228571679	0
17.342757304512475	6.334089076216676	0
0.48024935207074404	5.9870251408867485	0
13.306582572778709	-6.91965203150679	0
1.223968107994261	2.491966576947602	0
-20.089960125338973	20.697671844040034	0
6.737642040072611	10.707780841216108	0
-18.194452526800493	-9.197498342793498	0
1.67129371880127	0.529768162743155	0
-24.9898893643613	-21.09667130738385	0
8.293191300674325	4.861429466001827	0
7.822403921064774	-16.721841231585017	0
-2.8823679765879353	12.61990648735552	0
13.620645351723143	-11.493083264027614	0
23.6028431562983	4.723734225677284	0
-20.422869469391564	-18.25554009216817	0
-24.807423541100597	15.96236289365081	0
-12.806390970482218	-23.385459150973016	0
2.353675411166678	23.958273371891952	0
-22.833307532125126	-23.814394298961595	0
7.434984963957724	9.236316211222306	0
6.835093997260749	-1.654545832858223	0
-12.769894649340435	-9.49086244138736	0
-8.682533350432575	-4.685073284091912	0
-0.5646977905506889	11.641433722451195	0
0.537653949229322	19.609423408813274	0
0.39667122083139605	0.08606131095356129	0
11.069345556788434	9.973606883161828	0
-7.297987883514528	14.824662222914824	0
-8.075618318695676	-8.223103529667796	0
-7.673413174438581	2.3771296520069707	0
-5.747046922207799	1.7165527929896007	0
1.289594091299462	-20.991614065015124	0
-3.8494224825551204	22.539891212071527	0
-14.195921178713993	4.36972608394689	0
-14.943336502608862	16.434893710955183	0
-14.106589809405367	-24.057737326072903	0
-0.21403183570805062	-7.377159755537837	0
-6.282741797006036	-2.6203600979800736	0
19.06643618756355	-4.036943508638041	0
-13.07288563135771	20.20949221913802	0
-24.42210707892209	3.0592430230781065	0
-6.585323147429873	-16.667820742382634	0
-23.910306190424418	-21.38829281122539	0
15.111336457142732	4.347735080111187	0
-4.714031999223361	-18.82190893119382	0
6.8147588432273585	3.0016144785214696	0
12.639716973882493	-19.779731046777353	0
20.703115048225797	-21.65667397343496	0
8.512217919419019	-22.373801565281454	0
4.554790807885628	-4.791602404467154	0
-13.549961670834326	-2.539462850502389	0
12.498987302674763	17.181861897966566	0
13.165494933736987	-18.951410483243908	0
-5.5874803850542385	4.000886623877436	0
-20.15807833362158	16.660926805200155	0
-5.684601540647394	19.65119665788176	0
-6.928780245932609	-0.21084794946387153	0
20.907496481327847	4.132155284996014	0
6.9693387460071925	-1.4184606384648968	0
3.42491062403536	-10.949469940235268	0
18.774013323420636	11.97357201835097	0
14.695206858409177	-14.372602657407556	0
24.881382933367856	18.647067200278027	0
17.1700689917756	-23.45907031039371	0
-5.131051899582994	16.703966161251515	0
-10.95462825046994	10.13577124239312	0
-19.450036104969264	-2.7374410068126687	0
-2.213813957004962	-18.32835057395791	0
15.63642376182231	1.7858895168097966	0
-22.882267862957136	-6.402755547998412	0
23.96349407745285	1.2927679410418502	0
-24.605413008041992	9.843737488564797	0
12.060060826931934	-7.44366078110078	0
-19.3068552472061	-15.81704363885173	0
9.933610535245634	-23.97207756921093	0
19.09476637925735	9.696417315363275	0
-8.710228102342915	-16.840408886255	0
-3.3575774572121633	-6.030073331251579	0
-20.84416429860689	-10.082532686748513	0
-18.368911282992517	-24.88182073635287	0
13.580799256462361	15.489876382201228	0
-9.104006373126051	-5.760894821490837	0
-18.59111152630811	15.156257462318418	0
0.12479379701735294	15.045766106970538	0
-23.28387390178696	24.907607756120942	0
0.30727407550449337	-18.516851870108102	0
-16.262677059640485	2.0486263381962466	0
5.46078239990716	24.35042498026761	0
-8.048761544349631	21.67509572877739	0
17.55759387893458	-21.91629044503982	0
8.762607178220277	-6.413455625701831	0
24.462727952055246	20.405729039777377	0
-11.39101815137874	-6.02078852401291	0
14.029798223317979	-9.676954018818968	0
1.4322626544955197	17.08313284774267	0
-2.222412589875067	1.4352610766615481	0
-19.765379361695757	22.51954355590882	0
-9.191229535500812	-7.969401760256933	0
-19.38734772217422	14.690375402036077	0
19.155916495896946	21.197676623265334	0
24.307112697402815	-1.8625945780834152	0
4.3561423938562545	7.091431964772276	0
-7.999270398560704	-6.622239357547288	0
7.925239403135986	-10.707523335368402	0
2.332136366253923	-2.5273830642415063	0
-1.5540531700728666	3.0565731513763907	0
2.3329050489700798	20.399067242614816	0
-3.23248730063731	10.634355254852446	0
15.02248026116179	19.294425721719165	0
19.426193077086722	6.2821921990512894	0
6.78258533811455	14.446537858071101	0
18.530405423722918	6.805814581839675	0
