#Customer 1000
x	y	technician
23.198687951365617	-3.013622193918515	0
27.6577160923748	12.283782094262993	0
-9.939493589774184	-16.309961641223246	0
28.027147596095205	-25.865603112033583	0
-17.83195506623817	-20.211502235225208	0
28.596630838610544	26.049346036615884	0
-12.060275363756608	-11.235400309431204	0
26.98377857719324	-13.402454731760503	0
-8.272708266810476	-6.992108173328511	0
18.197158115352472	-26.026221463493847	0
1.9355085734488808	2.0741142777299704	0
-5.060866744155543	-10.556741141712632	0
-5.3576528595426565	-24.362927737150944	0
18.018770327579972	-18.339118575402768	0
-18.412782389055554	27.08910309764233	0
-21.854739309381984	23.85909490308201	0
27.71330324202156	16.669661010270655	0
-15.69921922654217	-23.304635645863883	0
-29.288865581774562	-25.999165519485793	0
28.196078521018194	1.374744409445241	0
5.498491560088048	25.747694492917436	0
-28.33181323770664	-9.948714962929138	0
24.354579045051416	-12.91514844050986	0
-29.025587770098205	-9.323015567273137	0
-13.597975072541857	6.690370489990136	0
-25.06510993485866	1.1457794402559385	0
-4.890691516673864	13.991393019985154	0
29.63744320756008	-26.775328359362902	0
-5.717920052866077	1.4062348714265793	0
-4.956182082286755	0.0741060445351982	0
-17.604028484553616	27.579343589042765	0
-23.427861968072282	7.206457335706484	0
-10.179882439722618	23.79108970491023	0
-21.237767612965982	0.6072060735331242	0
-7.910464134884281	6.497591172636135	0
19.952942914240182	25.771480892548663	0
-27.883642957870244	-20.80650883394851	0
-8.843979553445969	13.65131833906527	0
-29.92412935553821	11.256127562961487	0
0.8198329470635524	27.297004133193823	0
20.78280721422595	9.989776107391267	0
9.03852872239652	1.7796363065175735	0
-11.784370558554109	-7.751268139510941	0
29.237324301891512	15.049364602110957	0
-26.871850066087266	15.124941181684427	0
-1.113504547351143	16.58982922131792	0
27.6012710788238	12.204241787119567	0
-21.97888919393273	-1.351690550906941	0
-25.43032912424878	19.912124037084883	0
-24.733253838313196	-29.199788522974977	0
2.151216900219448	-27.57387168238093	0
-14.176420059900675	10.558789535101214	0
16.68710590033602	-27.900985791082622	0
25.37430169365672	25.30015308575058	0
23.654840541129392	25.094495483025124	0
-6.860726929885404	26.423155435419318	0
6.504190273052098	-1.118761338606975	0
-20.263887266073425	19.851956040792984	0
2.9758262954354	20.710356033497227	0
20.893892088362218	-0.14220401447270659	0
20.87117267906572	23.659882648936794	0
13.48905433574892	-11.620817135084403	0
16.05027861617796	10.560306760191525	0
25.39846784253974	23.319656157507133	0
-4.66726601023699	-28.556173531472243	0
16.71980438000335	5.793641353586887	0
-19.750389755083305	23.634339164209827	0
-24.71852719438378	-21.14278812577194	0
24.00625184640387	-23.831675504434216	0
-23.343811957437232	-21.76830905473902	0
-27.500143102140072	-19.980020696022088	0
-12.599957640317157	13.358575614479143	0
-3.261852526745086	-25.544185510141833	0
12.491097180143962	3.2547598954483603	0
14.774002316181125	-11.00493757090911	0
20.724337146171315	-19.470864318675233	0
-24.88528339857009	1.35236819921279	0
-20.08179781547045	-22.97151153049782	0
-14.29915504662583	-18.854623645300343	0
-20.55689492375317	-28.152445901531994	0
5.212963968992314	15.85698619196329	0
26.066574362262326	-22.984796556198514	0
-27.71098488942263	-10.941755828211793	0
-8.803055198095977	-7.171747772358876	0
-6.935743958103011	2.450332733090077	0
-28.22572121189969	-0.3118505762034629	0
-17.007498047019165	18.11773162257632	0
5.961600461267258	16.00557227514724	0
25.906472099463354	20.79700718671826	0
-9.638043895067845	-22.356583980673513	0
-16.223290650712457	21.793409640955986	0
-26.569557299811283	17.603327062673802	0
14.375987565471256	-17.588565737783377	0
-1.2761149030321883	17.07496187389803	0
-27.90945679260334	11.388267285204542	0
23.02746532646249	7.669949558212448	0
20.796115061090376	23.896930569469234	0
2.569083147165596	-5.760877798417039	0
-25.953708036692163	1.6043134107194268	0
3.7423387798335805	13.487741398619697	0
-15.906112508643188	-11.891430643631452	0
-23.311575175593077	16.81733071030851	0
27.734979066294315	1.062574331450108	0
-9.015247403250699	27.048145948383805	0
-1.8898547322331227	-4.167399209572467	0
-25.992516284514828	-24.252867933185588	0
18.328653698875044	24.518475646902964	0
6.910882742035501	3.015022901286921	0
0.8988466395359596	-27.715742632230594	0
5.704049032196061	-29.668688095848708	0
-25.573716938755872	29.945017200310602	0
7.136425806392566	-12.944362666323572	0
27.60003747323893	0.17165014823913305	0
-18.32685667595516	19.836239216138424	0
15.593503746382382	27.839666435690997	0
11.592495472008677	-26.76833835386927	0
-8.421508974240385	17.510450080338643	0
-10.918931267400119	12.277932576415884	0
14.603245860404838	-3.005338325997353	0
-0.889190371353783	9.746771337252888	0
-16.90929429134894	-5.5005755226884006	0
14.505659353131175	23.532719423452043	0
11.87075176846318	0.5633465242944835	0
2.5582883162057413	2.390604381840198	0
-22.471593681858412	-17.713742049237112	0
12.474129033513073	21.845250731193094	0
-15.783312052251999	-1.5517667450557293	0
-23.4109064027129	-16.665354966723104	0
17.328546569119993	-8.790320354690046	0
-16.292496336051357	16.300262614527874	0
-26.454103641123872	-18.855732575674423	0
1.858561248591184	20.55611431730631	0
2.07691272607603	-13.060612932039657	0
-10.06077516604142	6.873342088063479	0
17.64510758869947	-11.441921260085424	0
-29.460539019228765	15.44422761885409	0
-5.159253906068075	3.098729792656425	0
-15.992682942780531	-2.878661560848359	0
-7.707607503196412	-17.261516515053014	0
-20.93074680813683	11.514720028563882	0
8.384263753584595	15.18085879746435	0
-1.025174430283411	-2.7868974894744847	0
-9.145939430218634	24.39267514857837	0
-13.421076100814776	-2.0959243045502807	0
8.544126632141758	-21.13448229007186	0
-23.178907296644073	-10.677408903035328	0
26.641914266945847	23.26386741083226	0
18.174273830056407	-1.8044792334094772	0
-9.170108693419973	-27.18126184569021	0
24.805061703093788	11.923648771152314	0
22.539885138405488	8.215089071963472	0
5.724032371015218	-20.951123252875202	0
23.304441513478157	-18.65731545439796	0
-7.630857289889823	-11.414678681439304	0
24.21790956825519	28.080282103452724	0
2.655161182488177	12.837478159063076	0
13.510997152428892	-26.08493422542129	0
19.279212987620674	12.071433921794393	0
21.631857059816028	0.7072195590335029	0
-17.653187425670545	28.51814925849257	0
23.87922114201235	6.335471005829081	0
-17.79443462355625	-23.875589416511758	0
-20.45462891939716	-29.386910310736805	0
4.333210272480816	1.8380219252568408	0
1.3948209280852697	-27.138298208466903	0
-3.4703429547547726	29.307411743938427	0
12.07197396869659	21.858995303757098	0
12.26752699236041	-6.588835096063647	0
24.933332289982463	9.774998875563458	0
23.511329965273895	3.749778558593655	0
-12.168306272677604	22.953979076339447	0
1.304017619055724	-25.694569671001613	0
2.6963977144248963	10.623331272028544	0
-12.084420922475037	6.225841543923827	0
7.642862150440084	-0.24611546574909493	0
-9.468378120372842	-13.25803258762258	0
-24.55942135770879	-25.036412239280253	0
-15.721958332883311	27.571518264798257	0
17.15966987471861	-21.762093532912903	0
1.0833723106604287	-20.549686657335013	0
-26.538148279277486	-19.44148865129146	0
20.73471761678142	-27.346132040365	0
13.737494859146826	-14.826294101971769	0
22.549884094350162	25.631870309112685	0
7.100767793382756	22.721306614187956	0
15.841902436679705	-16.321692926417594	0
-12.820544246442314	-11.772574808453024	0
-3.009540281222003	-18.308244291911237	0
-14.869582734538685	-13.54661052942375	0
10.062960549257072	23.789845942015347	0
6.811167255338308	14.046162883613402	0
20.915916679538938	-13.773783096002227	0
-16.048505922346163	8.048082339757991	0
22.95593191395364	12.626890034267822	0
25.650592330055165	19.382638987341377	0
-10.320960287827445	-18.606286727429943	0
15.33363151396713	15.625281383377942	0
20.268401201387498	-0.3069593788698466	0
-24.465217255737517	28.446194479825767	0
-28.714122412066953	28.544792636847433	0
23.57044461349487	-3.6387547100982287	0
-3.407960668920458	19.83244978130485	0
8.747787438717188	-25.737555905696045	0
-1.6887309146619889	3.85994428317187	0
-18.198749192714672	18.963377336112913	0
18.272369299203184	-6.378830221869929	0
29.461888021077073	9.10106746975857	0
-4.458004639018052	-3.0269751392016397	0
-8.065436416959102	26.166527965540254	0
-19.412758764064613	10.662642892764083	0
-26.2072793978854	10.796540083852804	0
5.345314520983589	-2.3511617346579206	0
-24.722762221900545	25.524512192523115	0
-24.71246136756457	-14.991011345477718	0
26.86733395527004	-28.339922314989924	0
1.8339373052558616	19.296102300190906	0
20.879335490018732	-28.769021634635997	0
26.678338144842552	28.98740912101539	0
6.73933447202137	21.26884553108433	0
-16.628018936655803	-29.982494941652945	0
26.256587251186804	14.242468550763885	0
-8.18164636313632	-22.79672245892842	0
-25.766878531123428	18.71504197414318	0
13.639333335013362	-12.234943796681325	0
26.439848498328665	-3.863003432526644	0
2.9918748068445145	-11.190230437378245	0
17.403037401101617	-3.1735309111888954	0
-24.731053652039957	-18.510292618755578	0
16.267937054774354	-24.50015383777564	0
5.09581560825292	-6.0058903443194485	0
5.042004515746841	-24.373744532120018	0
14.758477645703643	-17.092739755874867	0
13.236810088092321	-8.348125458719739	0
8.272814547684565	-23.93184801989132	0
2.697283163050297	-9.808641442373748	0
-26.295567496292946	-29.018547340907197	0
-3.2668060485630956	14.561334461171008	0
5.968006745586565	10.215383386126799	0
-29.51941416333853	-11.610549712464655	0
0.5596769374952304	23.79103215951482	0
13.87277086313804	-10.043727019599448	0
-18.6829495928175	-19.031234284450903	0
-0.2949383369637171	-27.001650844067232	0
-13.523912799096852	-9.791201500845903	0
6.7357896449151	-12.352492917399516	0
-18.486719065424918	-29.764568786301464	0
12.212753792436537	10.490427281042372	0
-11.740320149950342	-14.791918554670723	0
9.433231324172372	-7.160995258915985	0
14.164396126032555	-5.65975738112418	0
-4.731492710803808	-22.640470840869312	0
-14.4180450722388	15.612848459342137	0
-3.2244457295308493	-26.998056662929226	0
28.069539199215036	24.347141459820634	0
26.439191829431778	-4.076180856094524	0
-28.085026545370624	-3.7319094026470823	0
-2.527652050079885	21.453951737015732	0
2.019531859032959	-18.657488672613304	0
0.3314542052123981	-3.9753767669735085	0
-19.21725139795602	22.382282976132938	0
-28.652847512290496	-3.827969703228873	0
29.06046979332085	14.10299533567057	0
-25.877474039027046	-10.293548506034064	0
27.826711205825024	9.45196935079302	0
-23.368017262095957	-5.612253485060677	0
7.986806895876775	20.72499048062438	0
27.75133879295084	-1.5927369706405514	0
-28.223546511444134	-5.690262530274833	0
-3.7383037094228655	-27.894127726527515	0
10.471176470972853	-27.866577480548976	0
5.397189704610479	14.978987111059375	0
24.666138661570734	-26.097439333449564	0
26.917363543046854	-23.591974030234923	0
-6.653519068947471	16.405242821926716	0
-9.961479471704282	15.928101826447964	0
-15.658070965018116	-29.610676045847107	0
-0.12661401908828696	8.79494068656979	0
-8.065288925988659	18.88436408386555	0
20.870890575048506	10.610848297942109	0
-4.592693371327455	27.886866352229383	0
-22.99598898077793	16.241512823471357	0
-10.180937072461331	9.760314064845907	0
21.763588376458355	0.8469869077713321	0
14.668267961803537	24.042638692402484	0
-19.571597040448964	-14.32114113077163	0
18.08901248493524	25.439226844741214	0
4.55113799169379	-3.7100875625522	0
18.628329341724218	-19.760304653662498	0
-0.18672073855246607	-11.133094100088542	0
-6.173263095736237	-28.271660996261936	0
25.558769847894055	17.441391325469628	0
-7.919776645809284	28.4983950703551	0
-4.162495863783436	7.865967387297188	0
-5.556350920079922	24.806132913371954	0
-8.090133741150549	-27.096600045572536	0
22.915472260242687	11.005069296538581	0
-26.116606921209364	-21.606234729191847	0
28.036180100704804	-4.298812268864789	0
13.493377483473893	-20.690274277944916	0
-4.853739080850746	-29.65091103360628	0
16.29290428761366	23.638372530427112	0
0.8638784133718658	7.6185110227791935	0
19.95558294633887	6.648145954108886	0
-17.3998991231181	-23.7268016889468	0
-13.170052985100508	23.696501233690174	0
-7.356559446340196	-17.670249321178517	0
-19.767353328091527	-21.883829741529027	0
2.3770696624873966	-25.67007698164469	0
15.462320695245882	-29.082811759572948	0
-24.245246357584474	-17.364249861576933	0
-8.797998745751386	23.558932224779948	0
-25.755956495987736	17.389824366980235	0
-9.11950732026029	23.02554443809815	0
-17.78288200200497	-1.8880128559863607	0
24.237945554945956	-16.565615446859315	0
-0.29794122074755514	17.68490839084189	0
-3.19183273180881	-29.871203505914114	0
-9.290892850124843	23.083300404178463	0
1.3463182342528013	-27.394559697774934	0
9.312048396206036	26.19288142391025	0
20.984537344419095	-25.250578792656924	0
-21.905175879793482	-23.24615417222356	0
-13.513067512927513	11.306548499805789	0
3.570593859541169	25.18641837757979	0
-13.082892689178296	22.988136789215	0
-16.992947817066554	-22.382782876604477	0
-5.326351160208871	5.713659232284998	0
-15.192124430108828	-21.403440811483403	0
21.515065227076736	17.91460758637942	0
25.830719543687092	-19.010474357946833	0
-0.39298949087164914	12.32900450423833	0
-5.940486686321895	-21.679849855372314	0
16.823949394728977	11.749072510044293	0
18.986987712058315	-0.3483818698366936	0
-11.659513287274326	24.243077567860787	0
-12.493965899501605	-5.225234065683253	0
-26.692168610274088	-4.481209126244474	0
20.622891727450334	-12.761995680609868	0
-9.05050464567098	9.762879119149414	0
9.283387362236038	-11.611053994334178	0
8.71890109947373	26.08667490186791	0
16.200100224579522	2.386374499417374	0
-29.12661266110064	-2.6264325572255687	0
18.871594713612744	-11.153365307555037	0
-16.143116825545093	-17.182639694185116	0
-3.3969424435639417	7.746415478211994	0
-10.967431997283823	-29.714437622728187	0
18.44756290263745	19.65633138016119	0
-29.193779186128534	-24.85445767383272	0
-10.970089484891288	-2.869267030245599	0
21.655741679367367	12.567169281201544	0
4.195008356722731	16.202937222992855	0
10.85987185338549	9.90713013482509	0
-22.14671773583836	-11.576981036061332	0
29.458655082798614	-23.876101806370784	0
20.482559204364648	20.064767507751622	0
-27.34840885247267	-26.47170248946843	0
11.618902847359207	-28.408415973595645	0
1.3402070004929723	-27.10529185216602	0
20.574074803450266	-2.83766377164814	0
4.402661997826418	-10.50480773106722	0
-20.628251988346328	-24.582619499843336	0
9.113381742850425	29.376398679520925	0
1.0683944064295914	22.936330342261318	0
20.4664508220289	15.833070385575363	0
8.7904792534043	-28.698258093075868	0
-27.740537608255295	10.491675737557053	0
-12.62648459015547	19.18436123601632	0
11.709953828431448	18.608514037909586	0
5.609894736674699	29.666079300366196	0
6.4041818868783595	20.924791510276307	0
-24.416963947884742	-6.1480426306782165	0
-28.705444157769485	-27.24208100873076	0
-25.961857483330586	1.6604395577002218	0
-22.41125137704868	19.32079424584232	0
7.417501483966196	-6.04141128995259	0
10.473951144099527	3.5698526289389054	0
5.065553959570077	-15.674121062645261	0
-11.209686988612422	13.672041699684366	0
-3.493984179344096	-29.51440729043212	0
-0.7836831992617643	17.875498557363475	0
-23.396300080589604	-19.600773910647813	0
-20.429373082608887	-22.261986115696207	0
-3.674157029438374	-29.404836215493155	0
-22.16900149824944	-3.658714318826166	0
-3.340446863630604	6.74105757227575	0
19.099982640594483	5.9547034267811405	0
-17.258645366154933	9.602111210935455	0
3.458441291898109	-18.15540732886579	0
-4.180649085614682	0.5502265851896837	0
-12.494095285439508	9.049906152911722	0
25.080123152211343	-28.947628618566263	0
4.184477355261878	-18.837297511668986	0
25.59098220460279	12.070779783444898	0
26.362219962213366	17.100051598547232	0
17.211687014805435	11.89185054005046	0
10.595885882794134	-18.316412092376485	0
-4.801875369277782	28.276305019169993	0
-4.922137669318756	-18.96411321232012	0
-18.033427614895153	-29.702071254631775	0
-14.880494551461949	10.791481000808933	0
-3.071617790353902	9.577341296943992	0
6.956529282086312	19.745300322453204	0
10.772693199277432	29.888648690049877	0
-9.094923810533707	-16.952988530011737	0
3.716828660700169	-24.53401888088852	0
-6.658182680646803	9.439069074721269	0
23.172621935297457	26.133616494857076	0
3.2669833663443737	16.192923702153067	0
-4.372944732065109	-18.25035798326581	0
-24.195031842456313	-26.707367599902348	0
8.471510724928608	28.67118252540347	0
26.123617892214426	24.507694529287207	0
16.163039140650305	-28.633071064355978	0
-29.0626227794615	-9.222596301073816	0
-9.796510495684805	11.937855815929641	0
-13.53695997776401	-27.219480917462512	0
12.858469588284834	11.489565715432413	0
8.90196420204414	26.77118098318634	0
11.181201763928	-2.7059629657753814	0
27.931993510229592	10.759853553254764	0
-10.148770122052744	17.617272276470853	0
-24.755242354403876	-16.90339395298414	0
-10.270117366275853	-4.067834802062789	0
11.435596329961523	-0.11487271329818194	0
-7.956620413272287	20.93570404210243	0
-7.185338037694224	22.945818605812548	0
-2.740767401055473	-21.494095779557362	0
-16.457173781922087	13.414007851707026	0
15.826496743154099	-20.807994542368288	0
2.2813960546614687	10.492138490272913	0
-24.918266800857147	15.915003655466421	0
-7.004618987609829	-12.58687673308617	0
-29.417436882946244	19.022955086108283	0
-25.433020942278034	6.48926863015226	0
14.206972922135204	-18.423504643906597	0
6.1173699794269005	-15.098792821456255	0
-12.692452379206943	-9.203744379119463	0
6.784656176974955	20.210993320322046	0
-1.2213004603723943	26.522324358790296	0
-13.78600815390394	24.763426266796472	0
4.132447837375515	-6.158168738343905	0
26.568001718015516	-21.375308167292115	0
18.41703236512638	8.056295997092334	0
12.091474060875209	-0.3195163269318213	0
-15.65054230008071	20.87197224543909	0
8.775779003905356	-20.122068178162063	0
-3.5875026717223713	12.050319527712855	0
24.50786506556301	-1.8871633777339336	0
25.972169481280634	-22.82844947379199	0
29.68095517685025	-28.207249604169206	0
-26.475440826047315	-8.152237340781097	0
-2.423668296431707	16.188455481981542	0
5.001970062232517	1.178124189682641	0
23.873889236278835	16.81727958962595	0
-9.842503461494909	-9.70591172881658	0
8.806528584775805	-13.094016614978196	0
-24.99775567596429	27.240643092132505	0
-24.25451104588092	-20.63479181762723	0
-23.42130645010952	25.29551026304664	0
-28.269851472746403	4.434468723862701	0
8.709896747034062	-19.73162419000184	0
-16.511634409592265	-17.94643542690516	0
-0.760435311585208	-28.92349489771616	0
-29.246091094368452	-11.328544622647126	0
6.009784925407741	-29.028853269789725	0
8.918349814483111	11.613848910550155	0
-5.451779308241265	-25.629081056109225	0
-11.90659119861679	-2.0450157097989363	0
0.9591100133886865	14.886746766277987	0
-26.209488218564	14.82787777793008	0
22.18812720405569	-19.15278689719929	0
22.403098956060102	4.713054388251663	0
1.9471641178760346	-27.29702910967402	0
20.599222169778823	-23.269503457655134	0
-0.38344319755907685	-6.3383459782722396	0
29.556363155858048	-18.553601623191692	0
-18.349473350091362	-1.9209445013830728	0
-17.54859757715986	-5.671979995545755	0
11.337602503558728	0.8109982227709867	0
23.707870442557812	17.39645579857377	0
0.4797627814036809	-11.983025077689158	0
15.009180554319041	-1.9219433175711242	0
15.074725400534327	-10.334297253615457	0
27.760039234821598	21.45121128534165	0
4.694903498043523	-27.444610952934198	0
-22.18667825865356	15.227473668476929	0
-18.500682709756315	20.21231319171807	0
5.78708704323752	15.837655437376814	0
-13.593505898590028	14.169155330382214	0
3.437165330474119	6.09130201517559	0
7.898830791066917	-28.757977294573372	0
12.158021458950017	18.801037077227477	0
-23.555060623553707	12.653582488943938	0
-26.49191781388739	-20.728319379920464	0
17.19745986866294	6.9244988483921315	0
-8.516103274953524	0.13080578679987687	0
-6.650431595687529	-12.300504096754763	0
-24.714950487701607	1.673972473401295	0
19.660790467805104	-22.250634145160817	0
24.045578191749907	16.03736733783707	0
-22.871798922221597	12.618470139821063	0
-20.31017953371723	18.69481388187892	0
-3.6610359797603875	28.047715774571667	0
-3.187429395356254	-2.8754291271761367	0
-5.139232633906858	0.15937119094235896	0
0.4153163407569105	15.485408546231579	0
4.244599126358377	-15.554186647771484	0
19.473713720199793	18.238624566770852	0
4.789687518806232	-25.20600377926923	0
1.983284371452041	-17.628750444551457	0
17.045506733861618	-20.91225588101947	0
-11.47000753746786	21.63271967548802	0
26.16200068064002	13.565109064898571	0
22.772806810833107	-14.339956274625646	0
25.72704765074799	25.737310509684807	0
-21.993977127201106	-20.235643291825053	0
-9.707162006393212	-6.55940468714803	0
-0.3553851615129311	5.986622547004748	0
-7.4109323410679195	-27.03032965785895	0
-9.327837982551202	-11.907832263623032	0
-17.30318414644352	-0.08403092132756917	0
16.64869910083678	14.095565266177605	0
-5.769009804196285	-14.439168348138331	0
21.233920411518362	-3.4099223351982078	0
0.9629230419639034	-29.17797433930065	0
-11.712789707247218	5.9173968559395185	0
27.774895720975728	-25.87542426984266	0
-25.71015118347516	-8.32218033477654	0
-22.649779979612788	-11.439386632219453	0
-7.760792679849131	11.279730616307312	0
-15.060574297208023	-3.0718916484259218	0
-27.832149986362364	-25.750129337646108	0
-9.19138731358194	1.108699291151356	0
6.783066605210606	-29.013958970949187	0
9.163296100431651	-17.044630307869074	0
-14.173085494718443	-21.521497275146334	0
28.38229739682405	-13.457746627093588	0
-29.26472751033897	23.95254998862682	0
-2.625909641056823	11.184045405503598	0
-1.9976632733812116	-20.650431352421545	0
9.89768333555882	29.735178993781545	0
8.478069793412828	4.721122254103354	0
-26.191343570759475	27.81763795505467	0
0.34001822009712024	-9.088845138003165	0
-12.630520253903839	-28.600102537112843	0
4.4713060854382425	-10.990856343683886	0
14.50387010836101	-17.754574677530314	0
-12.0183968879822	28.657647450635938	0
-6.854088395376636	-21.57121377036378	0
-19.0421466343728	-27.49865335595552	0
-20.025442261721924	-6.650242369317976	0
7.707232402925648	22.490720267276345	0
-29.16066419369654	26.38247172192111	0
4.643599978916431	16.365819089233902	0
-22.023721254653427	22.467350062624764	0
-5.179280146478051	-4.11461802510368	0
3.6061321353727793	11.643640417561985	0
21.217976042801364	11.688248521639693	0
6.422621472922629	5.008211482727944	0
-4.937038429920282	-18.894362864990747	0
-28.127587115786135	27.97092465424938	0
7.375215929143346	8.115886339947082	0
-19.210918779839034	-22.944371556253856	0
-25.640260427793045	14.607473782914717	0
-25.252518873238763	-17.49608907644933	0
12.058223459435705	-18.59902043075811	0
9.144640073210454	-25.460513030619268	0
17.5708879065859	-28.373245102965157	0
26.67857391642701	9.066752415395769	0
23.336204312777145	-19.45738296200402	0
16.735852553082346	-6.107736952613074	0
-24.864892130012876	27.42530204451173	0
-18.530336927361603	8.872943834269948	0
-3.2767766231237694	29.16497415902412	0
9.728084045435486	-11.071385167958393	0
11.620960926975004	24.27005288689281	0
-20.898791160558343	-14.297597418581383	0
16.823808279837525	-25.837748171825545	0
8.633330861911437	29.172793097362042	0
11.864741702493248	9.42838453490348	0
-19.54550233657413	21.867470977650196	0
22.963287048178888	-28.613561677121954	0
7.888382716255045	-4.8525331148596695	0
17.56253698790905	0.8874603717611285	0
-21.86875748109861	7.581164651990873	0
-23.43156055151367	-6.410315516383087	0
18.95200809029194	21.80937902001191	0
-0.9217595355942243	5.06949974627026	0
3.2129392166337123	-5.071304539184045	0
-21.30029902806975	-21.015186138106092	0
-3.0031447883999918	-20.948010630515338	0
20.094139954093187	24.937043104908042	0
-21.033095814817923	2.864698947508162	0
-29.440474056101802	15.952598820828591	0
7.3492286711233	14.845328123685114	0
-11.887520554995753	-16.040335512597277	0
19.82505324036128	-17.0889712326098	0
-6.627644342587775	-14.008499028556386	0
-18.814622045746113	1.4940523183379106	0
26.645641446802344	18.939306030713922	0
-14.349340959566405	-15.836757409993545	0
25.427764390868653	-27.660304011504355	0
14.055204198886763	12.787696133853373	0
-8.238536530955896	22.39007719236231	0
26.558119641035866	-18.70033308640743	0
-22.622593463286695	-3.070260007461769	0
2.0399655562544727	-26.137574480939143	0
4.230215541574349	26.173116600736122	0
-22.6328492911075	28.993501786781003	0
2.9732604193729184	-28.429050226633553	0
-22.895370376614462	-22.844906782475377	0
-22.162420317998425	2.0920427189215363	0
-12.824015082500642	21.451351968174023	0
19.60299294667401	2.887260267054843	0
-26.33685573626568	-5.897746982850817	0
-3.1139283850728017	-2.4994459047110995	0
23.814509583635065	-25.099563535924943	0
21.618819739162006	5.016559965338459	0
-5.320876881547381	-8.90964286168521	0
23.36001810415059	1.1454198577708574	0
25.080521334195016	-22.675044146927128	0
-0.9515822695392595	-25.64998177364788	0
24.26254258549942	-1.5109365150504428	0
-25.007186725843603	-9.92061858033211	0
3.2865172643474527	-20.160611244766873	0
28.435133074079868	-22.457690009798704	0
2.8531243499780667	-27.541310810334167	0
-15.46686522513217	14.067802796344571	0
-9.136941587280019	18.66506654138521	0
12.201436392235657	-14.461412345854061	0
1.0630077421417439	9.328278968956834	0
18.73685563489846	-27.831791438319087	0
-13.805843710860335	0.017615774254424732	0
-1.6615759078367698	21.738326210123578	0
11.092283736726392	6.125166193740348	0
-3.3830587072725904	17.826096338038816	0
-1.0720351634397352	27.07087399402433	0
8.144746515110963	1.5687333189235653	0
-20.3014910099952	-15.626467505433975	0
-10.925126668550224	-17.026439450062135	0
21.26016437841931	28.400327109531837	0
6.2316857440490985	-6.456125701701749	0
-22.512053539996423	-22.142616681765286	0
-7.972654066057416	-25.842967382738852	0
-2.294232829928944	29.82741805662358	0
19.976849274124383	-1.5980190599228306	0
-7.519022153111177	5.867557589855581	0
1.9730310719934274	-16.421535049662218	0
-26.69860348325681	-1.9146338411863328	0
5.068862786096881	20.60231213850304	0
-18.189648767764293	-20.873888052469805	0
6.938034084496893	-2.6444721840782592	0
25.492480883388833	-4.564638628698621	0
15.112659820180415	-22.23310078402229	0
17.4059012437899	0.5145462209481821	0
0.6739889382500364	5.65697553410528	0
-26.735210095307078	27.468463423107586	0
23.816316788813236	-29.55777033643446	0
5.979592368537389	-8.333149963248761	0
-5.832326382055686	-18.51889084322019	0
25.74280242384028	-13.689162801960757	0
3.7669953313224536	16.4053484780569	0
26.882544284071205	-2.7352320984130274	0
6.628015529641655	-24.019400072979458	0
7.175571195773536	26.977067859944476	0
12.978973918826656	-24.82174053110008	0
0.7527566099149907	23.57481914364008	0
-8.208605729863983	-9.564924205460368	0
8.600766698475313	-9.057903804891257	0
25.75163488402389	23.34144252971783	0
-7.689981449584849	-5.324986696632439	0
0.3418062875864658	16.02027822849235	0
27.13720245529759	-16.69984489675175	0
18.64529610976251	13.229026736659822	0
-2.135944877780096	-27.93519722825353	0
16.12965954815891	13.687594217685255	0
24.340890080452493	-20.29285531483086	0
-8.911910158851924	18.817805518864084	0
-1.3255212970221297	-7.639729632594081	0
-14.097650317612228	13.224320769796108	0
-27.99938240672508	13.442690169773936	0
22.23524796675543	16.12413703406744	0
6.8262247763127775	-25.547954335277367	0
-6.842676071697278	-5.459355150332481	0
13.636303520454348	11.007095033883044	0
24.38680191351049	-0.311687800192586	0
14.162305704156015	-25.72490043836401	0
-16.813722919404952	-14.675467142840619	0
-15.585767181007064	-19.14063409897953	0
9.503367884668375	13.204642781442018	0
-20.51567438205286	1.7450383990212304	0
2.411459780440355	12.698517763691662	0
4.513523333524172	-0.07971790142405899	0
-19.803582995622296	-9.776505196964823	0
13.717731308708972	-13.811989976383748	0
19.961673100568696	2.089160180815801	0
12.423367276755165	-11.12997470330371	0
-2.5993544137323688	10.958413806720134	0
20.81833866125186	-29.78444095113594	0
16.960386694511556	14.574466147998809	0
0.8718016824041852	25.198035371510144	0
7.267787533136643	-25.11809027369685	0
21.937861079406492	2.148817327244261	0
-19.30141986230907	-15.216245056934682	0
-5.523691300284035	22.183357226101574	0
-28.418954884925878	21.90100973177135	0
-13.348464665171296	-1.0869389713451238	0
18.920855048753303	-10.42012174489547	0
0.3514076222525464	5.012452520284418	0
-9.835378685390781	-8.564622908744662	0
4.99301158456487	26.463966987979493	0
1.6500671768983288	28.036218405087865	0
17.008857679332195	-16.31530587553113	0
13.720997039876002	12.22770730677205	0
4.305919268452758	11.143456072036194	0
-7.363742794480865	0.8128406823748513	0
3.2503951723728464	14.05022689500004	0
21.924241682265226	-8.267997983096924	0
-15.086919729415671	19.61628779436016	0
20.890994751676455	-7.690166208609941	0
-11.508478940194095	-24.727212415862454	0
4.410855019366549	2.5747435848215927	0
5.152343574130525	-12.821565395536464	0
-21.842994023998234	12.9739721692734	0
-26.643754708457173	-22.726787338105048	0
-26.94376130603665	-25.55206053260167	0
-6.002579479403794	29.630264091469932	0
-26.780438545394933	22.815258660916726	0
23.862333830984173	25.809395683098042	0
19.674172449660336	13.955552627936534	0
-12.328125251064488	-28.61303142986663	0
25.238098166517386	-13.27624192358173	0
-22.66955879206997	-8.966462519072273	0
-0.07295843056807527	-2.0796488649729827	0
15.051942307578035	2.756001874198759	0
-4.814944549922453	-3.7099562374556028	0
-8.549053629980868	28.880542980399206	0
27.327396398533452	-17.132958982027834	0
-28.962244256909266	9.306123849228847	0
-0.7531154687292485	-19.66970003307438	0
6.296823324780172	-4.895592696327524	0
-4.4473308929267485	6.3233520460937935	0
11.348795586251708	18.16121459492416	0
-12.915553739064038	19.68588495620167	0
28.132877698620536	-25.58938843698715	0
-20.999965352153446	-8.369495418311153	0
28.135974263957216	-25.8590236420405	0
5.602447477302688	-29.30395994607434	0
21.96204810858794	-14.000926309263077	0
-9.948378060957157	8.870109212205355	0
25.875895342836024	9.35903290260642	0
27.235695079609506	7.217532726976117	0
10.18568952847684	-14.24431663297295	0
23.294095100136932	20.65350284634355	0
-4.075565580920122	18.161525604886634	0
-3.375538348584932	-12.258107983140372	0
-22.052205529339716	-7.772339822830512	0
23.377735053847452	-28.480307699831002	0
-27.19114822856691	29.22088777458699	0
8.405232104166153	24.403865845005964	0
-14.307055842445457	13.441532113345751	0
-26.835293165420808	13.553229318015136	0
-17.54655850245559	-7.747184100897373	0
4.556949277175897	-3.7312459362955175	0
15.137591358091633	14.1491959355488	0
26.955082054688727	19.545912538888327	0
20.057424863208333	21.58692033971364	0
-11.332933230824555	8.231646126972398	0
-27.336520358006364	-18.774103490707134	0
13.861592972318439	17.658247873520384	0
18.11486792515573	10.078363669527535	0
-18.400571831277077	-7.212126504681208	0
13.030580492389568	-24.700435431704136	0
-14.810315863914273	15.66086997165068	0
0.07096648366384573	9.798737645269833	0
4.166609325066064	21.45253395554768	0
-4.636324432441574	-27.857057054523516	0
-15.993151732569759	19.618709807341002	0
7.378083328929337	-7.885361877641051	0
-12.757558025653646	2.3798836531392853	0
25.649629090349453	0.4101337831840257	0
11.326420674966787	-28.355678193806895	0
-6.047163562072512	-25.20049347419196	0
15.722236815931199	-18.877727841331172	0
3.180126537540935	11.034144794456102	0
3.3452495634303725	23.836120752833626	0
21.26804020293395	-21.817121491560254	0
-8.047359249348808	-18.73903520596819	0
-13.409305215687892	-14.628562607318255	0
-2.3151590571992497	5.152234206934285	0
-12.287422442839828	4.480580647595092	0
14.020399668037559	-21.074332278801432	0
-9.97529494636731	-24.357638564409452	0
25.024004423404392	-19.808259897702623	0
8.656078653456348	-19.340909956728144	0
-2.914924144578801	-7.95572211217797	0
16.385022834678477	26.370911581472292	0
-29.81328366877183	27.809832892165378	0
-11.892729374938716	-5.9698392127495215	0
20.20730662054093	22.790093890762147	0
-10.630210605032548	-2.7512096976071354	0
-2.4764477100899818	-11.666687449770244	0
17.945594259110976	13.706993587949153	0
-20.443375693539217	3.811873095769236	0
6.397479025818173	-24.27454367909806	0
0.5651973602986415	5.622166522259002	0
-0.6235692757584843	21.04925701338574	0
-7.6133826683487555	12.624029441150153	0
13.890580133707441	-27.79369978580003	0
23.686320969104337	-27.155085998178027	0
-13.409637423265753	-10.237387440304516	0
26.540774142469765	-27.02455449747187	0
-1.700725555621283	17.293390246466068	0
-27.07425517523896	19.1468483245863	0
7.4445224626125395	2.510855627012085	0
24.052276609688104	-14.642466184380618	0
25.952150434259888	-4.909089282277391	0
3.6324324718277956	-9.442472003232911	0
-23.791988467775194	28.40628319770216	0
8.933692093829375	22.901664072846774	0
21.627479481362563	-14.067975931547739	0
-29.498202217254978	19.93631505331028	0
-13.360331092317303	16.591658106343846	0
2.0970843289893804	-7.946279128236009	0
11.62168964597358	-14.16326563704576	0
-8.176233422409613	-20.937459100550175	0
15.05085103361083	-2.3609518800602736	0
14.027772642436178	-9.170024720381365	0
-23.952120179492113	-15.625360054695236	0
23.25682869432567	10.497259997247607	0
-0.1374142984654525	21.137597859275136	0
-0.9066733350585099	-7.3286222333572315	0
19.896009222378115	-11.168666691988845	0
10.725993189432348	29.76979367034563	0
-1.393251496714527	22.13566338015852	0
9.91531889953809	9.476346161024374	0
-0.7179093007443682	24.96367778749697	0
-9.666990167198549	-1.7781646742912405	0
-21.475506569930783	24.58330427979764	0
-3.705602437889659	-25.026481622687918	0
28.427188091835415	-27.91218060741554	0
3.9367557286303345	-10.506806996857993	0
-16.359673909059758	-7.303021630243025	0
-10.278215005112202	-7.555085055808943	0
14.076553823408055	21.77678242760803	0
-21.924435917539682	0.36784400277686036	0
-20.260221925895795	27.072735212048	0
-1.4396876488074173	-18.24872095538043	0
-9.883088967030014	13.279777866639805	0
24.23039189468306	8.691081435763781	0
25.207599492432664	-27.218558488154624	0
21.200175598040513	-0.6348138645955537	0
21.73344656275009	29.818671015700346	0
-9.935121676864489	1.0385012370219204	0
22.151586969224983	5.619238653567815	0
27.121055635268622	-1.8458636176294063	0
-12.829147672800074	20.59203388615121	0
-9.436376492397518	-29.604606066843623	0
-17.84114217064055	-10.829208765863143	0
-22.5720569485526	-7.366664084602297	0
0.8341075032073708	-29.394227254772606	0
12.19405752243703	26.31984672596718	0
-24.905446642221754	-2.920023571593149	0
-18.6470882818365	22.940536738649623	0
-18.24561338709907	-18.077743150669022	0
-14.037849873007149	-15.429661715488322	0
-22.11351850909133	-15.645343206292734	0
-28.56519066447733	-15.987632243811076	0
-13.354636889274188	-15.525618435576158	0
25.062211819477263	1.4313978606907285	0
-25.574549868098888	14.411729045707421	0
-5.647657498670853	-4.07257051926006	0
20.271346060137844	26.539873566102884	0
3.0544001437067925	-27.892304912189264	0
5.416202303079379	-14.51498203684254	0
17.559921768939034	-14.081935492322062	0
8.367773438669454	10.877243230483195	0
11.022433264627354	-28.635710440079716	0
7.18828019161637	-26.361611460540743	0
25.294799180289804	21.953581512006735	0
-9.508357113601589	-23.407225297468386	0
-12.758162246054692	-23.22451786933017	0
-5.197786449347732	15.35933898230482	0
15.862972930248771	-27.233021769636366	0
-8.095057807220032	10.669670899884258	0
-13.94052362618363	16.864266676757804	0
23.803370363883918	-2.221552295761453	0
7.836375664169095	-24.720513181928748	0
-16.815191531717698	-19.028157297754372	0
-4.067627543116457	3.570284133116548	0
-19.539312792916615	-3.424977680012611	0
-6.87717012624989	-16.77884032011485	0
20.84569599518977	12.110627224748225	0
-28.026534605341965	-1.9776954395752488	0
-13.171535219345191	25.921926279297473	0
-20.796548174054443	2.1045900870210676	0
-27.59818703171949	2.7091745812760437	0
18.114616360582197	-24.902894790287	0
-19.028622972898578	6.6970093799275965	0
10.523034468973789	-21.980060873416804	0
2.91189551511682	24.50174558878064	0
-16.99900823767935	29.874177747600367	0
-9.707884926983468	21.814366508041193	0
-17.309026915628763	-23.742397634124742	0
-9.91353904749688	5.874982888591555	0
-25.576216736931904	14.136795810649108	0
23.448816399197188	-29.04848975954159	0
25.92616577187457	-25.993958852670033	0
-14.585359345996958	-19.736855323364185	0
-26.707112715568215	-27.67113619674785	0
17.44866465763707	6.901633027397434	0
-11.729920538448635	8.514822452729122	0
21.31253463742221	24.077540807048596	0
-21.372964401700088	11.74740993280456	0
25.128975432362786	-19.662193015455085	0
-11.230882970957925	-15.996391430480305	0
-8.02064498227697	24.402676845245214	0
-21.081369461340557	10.893516700611256	0
-20.360982752804805	14.643534104690461	0
-15.903240387566846	-2.27517537353902	0
-29.640269735955272	-29.043017945621028	0
17.17977643839615	-15.796607046679917	0
20.904146672970498	-26.24126595333339	0
18.480164636040875	2.7978921379881494	0
28.280714248982168	7.790852332054429	0
-22.89213531824017	-6.582426017666432	0
-22.4891135939495	21.107183598923157	0
10.7869803092839	-14.952322857098848	0
18.01584979508074	19.766419790455856	0
18.387707769482848	-1.8133936403571238	0
-5.237776460467978	-11.217399635071459	0
9.276921456856702	18.923415193197112	0
27.932259115576482	7.604355351782934	0
24.20488167462566	10.670761130255972	0
-15.115983112920699	13.520029525294373	0
9.726104572344298	23.283566877891076	0
-8.439272393749333	11.678885958521786	0
-15.89429006345098	29.169857662529143	0
22.569679445242276	9.88148425507463	0
-27.763621526486617	10.175951553272588	0
-20.432996193258447	-18.988037082501428	0
-18.44809295530069	-29.917217613427233	0
2.913682925461567	-23.072026279462435	0
-7.516681270883239	-28.034063809669306	0
3.218248030953308	-3.275080835885904	0
-26.58758186145722	17.41526726331824	0
28.075506329061145	-9.549717703117944	0
-27.49230210191395	24.072894825479334	0
15.130170319475734	-19.559770242220342	0
16.58790789616434	-1.7686572415217316	0
0.13708593409561098	-25.721359862079126	0
7.45929185821939	24.95075991613425	0
1.8526278788871053	1.2787548230507095	0
-4.664355890136973	1.4574978675310346	0
19.72007495201213	15.52585957225471	0
-19.986400511713445	-1.4763877508378087	0
28.25448914771379	27.778877517234914	0
3.7268535772483258	22.282195656171762	0
-18.612612697289354	-29.089722273730377	0
26.157134284941524	23.912314923611945	0
-16.61113454518337	21.0865505027041	0
-12.485658492305653	19.47301553041742	0
7.233543927824984	-21.513815290685738	0
26.021326258794957	-6.11084209759219	0
-1.6123412210448085	16.15964821689506	0
11.02569654887677	-22.992172716654764	0
29.503068333853662	-10.915403601840826	0
-7.366905064958673	18.139047754440035	0
-21.870802691193415	-18.40132397150356	0
0.38725646258404023	4.071467343867923	0
-28.92054670955446	-21.651913949700987	0
-29.22350350440987	13.024845517011276	0
-25.25914498841914	-1.5252760916713304	0
4.628851062802135	-5.083276470779636	0
-8.8065291337065	29.03069153977952	0
15.065506597132604	18.587526271577563	0
-28.951190133770183	-0.3725718263322908	0
28.83671825248381	-6.394456219281488	0
-11.560803373439711	4.123813093475888	0
-0.7867219997019714	-7.3927279762380955	0
11.589384288646308	-1.4200289359766582	0
20.419681407536846	-15.830252665881652	0
17.730373699990984	-10.223491936959661	0
26.819296196711548	29.948562374052038	0
12.392386916841932	-18.656334453411823	0
-28.546100035633383	-26.949794418871654	0
-9.398250236239587	-23.52291933943285	0
-17.093855560437397	-16.741748340967614	0
25.624152727292202	13.098073016222072	0
-22.93241852496002	-28.707181918340947	0
-2.847192480603409	-27.703745891775924	0
24.024577775227666	-25.40035824172448	0
-21.75753302495182	22.57479278704391	0
28.601376256740892	0.21155984229475955	0
-26.981567708187065	9.047143515757687	0
-4.025625120559873	-20.14543059845312	0
-3.749356498925367	-21.53841389566051	0
-22.1786988747079	15.650044502143565	0
-14.560010464206684	-15.67999397952514	0
